times,population,R0,R1,R2,R3,R4,R5,R6,R7,R8,R9,R10,R11,R12
0.0,1.0,1.0,1.0,1.0,1.0,1.0,1.0,1.0,1.0,1.0,1.0,1.0,1.0,1.0
6.0,0.9943181818181827,0.9,0.9545454545454544,1.0,0.9230769230769231,0.9230769230769231,1.0,1.0,0.9090909090909092,1.0,1.0,1.0,1.0,0.9090909090909092
7.0,0.9886363636363641,0.9,0.9090909090909087,1.0,0.9230769230769231,0.8461538461538463,1.0,1.0,0.9090909090909092,1.0,0.9333333333333331,0.9615384615384612,0.9333333333333331,0.9090909090909092
31.0,0.9829545454545462,0.9,0.9090909090909087,0.9818181818181817,0.9230769230769231,0.8461538461538463,1.0,1.0,0.9090909090909092,0.9166666666666667,0.8666666666666667,0.9230769230769231,0.8666666666666667,0.9090909090909092
32.0,0.9772727272727274,0.9,0.9090909090909087,0.9818181818181817,0.9230769230769231,0.8461538461538463,1.0,0.9,0.9090909090909092,0.9166666666666667,0.8,0.8846153846153845,0.8,0.9090909090909092
39.0,0.97159090909091,0.9,0.9090909090909087,0.9636363636363635,0.9230769230769231,0.8461538461538463,1.0,0.9,0.9090909090909092,0.9166666666666667,0.8,0.8846153846153845,0.8,0.9090909090909092
61.0,0.9602272727272732,0.7999999999999997,0.8636363636363633,0.9454545454545454,0.8461538461538463,0.7692307692307694,1.0,0.9,0.8181818181818182,0.9166666666666667,0.8,0.8846153846153845,0.8,0.8181818181818182
277.0,0.9545454545454548,0.6999999999999998,0.8181818181818179,0.9454545454545454,0.7692307692307694,0.6923076923076924,1.0,0.9,0.7272727272727271,0.9166666666666667,0.7333333333333334,0.8461538461538463,0.8,0.7272727272727271
362.0,0.948863636363637,0.6999999999999998,0.8181818181818179,0.9454545454545454,0.7692307692307694,0.6923076923076924,1.0,0.9,0.7272727272727271,0.9166666666666667,0.7333333333333334,0.8461538461538463,0.8,0.7272727272727271
370.0,0.943181818181819,0.6999999999999998,0.8181818181818179,0.927272727272727,0.7692307692307694,0.6923076923076924,1.0,0.9,0.7272727272727271,0.9166666666666667,0.7333333333333334,0.8461538461538463,0.8,0.7272727272727271
518.0,0.9375000000000001,0.6999999999999998,0.8181818181818179,0.9090909090909087,0.7692307692307694,0.6923076923076924,1.0,0.9,0.7272727272727271,0.9166666666666667,0.7333333333333334,0.8461538461538463,0.8,0.7272727272727271
533.0,0.9318181818181825,0.6999999999999998,0.8181818181818179,0.8909090909090905,0.7692307692307694,0.6923076923076924,1.0,0.9,0.7272727272727271,0.9166666666666667,0.7333333333333334,0.8461538461538463,0.8,0.7272727272727271
563.0,0.926136363636364,0.6999999999999998,0.7727272727272726,0.8909090909090905,0.7692307692307694,0.6153846153846153,1.0,0.9,0.7272727272727271,0.9166666666666667,0.6666666666666669,0.8076923076923076,0.7333333333333334,0.7272727272727271
566.0,0.9204545454545454,0.5999999999999999,0.7272727272727271,0.8909090909090905,0.6923076923076924,0.5384615384615384,1.0,0.9,0.6363636363636362,0.9166666666666667,0.6666666666666669,0.8076923076923076,0.7333333333333334,0.6363636363636362
652.0,0.9147727272727277,0.5999999999999999,0.7272727272727271,0.8727272727272727,0.6923076923076924,0.5384615384615384,1.0,0.7999999999999997,0.6363636363636362,0.8333333333333335,0.6666666666666669,0.769230769230769,0.6666666666666669,0.6363636363636362
748.0,0.9090909090909092,0.5999999999999999,0.6818181818181817,0.8727272727272727,0.6923076923076924,0.4615384615384615,1.0,0.6999999999999998,0.6363636363636362,0.8333333333333335,0.6666666666666669,0.7307692307692306,0.6000000000000001,0.6363636363636362
779.0,0.9034090909090913,0.5999999999999999,0.6818181818181817,0.8727272727272727,0.6923076923076924,0.4615384615384615,1.0,0.6999999999999998,0.6363636363636362,0.8333333333333335,0.6666666666666669,0.7307692307692306,0.6000000000000001,0.6363636363636362
791.0,0.8977272727272732,0.49999999999999983,0.6363636363636361,0.8727272727272727,0.6153846153846153,0.3846153846153846,1.0,0.5999999999999999,0.5454545454545454,0.7500000000000001,0.6000000000000001,0.6923076923076922,0.6000000000000001,0.5454545454545454
809.0,0.8920454545454546,0.49999999999999983,0.6363636363636361,0.8727272727272727,0.6153846153846153,0.3846153846153846,0.9761904761904763,0.49999999999999983,0.5454545454545454,0.7500000000000001,0.5333333333333332,0.6538461538461539,0.5333333333333332,0.5454545454545454
845.0,0.8863636363636368,0.3999999999999999,0.6363636363636361,0.8545454545454542,0.5384615384615384,0.3846153846153846,0.9761904761904763,0.49999999999999983,0.4545454545454544,0.6666666666666665,0.4666666666666666,0.6153846153846153,0.5333333333333332,0.4545454545454544
1005.0,0.8806818181818187,0.3999999999999999,0.6363636363636361,0.8545454545454542,0.5384615384615384,0.3846153846153846,0.9523809523809522,0.49999999999999983,0.4545454545454544,0.6666666666666665,0.4666666666666666,0.6153846153846153,0.5333333333333332,0.4545454545454544
1135.0,0.8750000000000007,0.3999999999999999,0.6363636363636361,0.8363636363636362,0.5384615384615384,0.3846153846153846,0.9523809523809522,0.49999999999999983,0.4545454545454544,0.6666666666666665,0.4666666666666666,0.6153846153846153,0.5333333333333332,0.4545454545454544
1369.0,0.869318181818182,0.3999999999999999,0.6363636363636361,0.8181818181818179,0.5384615384615384,0.3846153846153846,0.9523809523809522,0.49999999999999983,0.4545454545454544,0.6666666666666665,0.4666666666666666,0.6153846153846153,0.5333333333333332,0.4545454545454544
1392.0,0.8636363636363641,0.3999999999999999,0.6363636363636361,0.7999999999999997,0.5384615384615384,0.3846153846153846,0.9523809523809522,0.49999999999999983,0.4545454545454544,0.6666666666666665,0.4666666666666666,0.6153846153846153,0.5333333333333332,0.4545454545454544
1589.0,0.8579545454545457,0.3999999999999999,0.6363636363636361,0.7999999999999997,0.5384615384615384,0.3846153846153846,0.9523809523809522,0.49999999999999983,0.4545454545454544,0.6666666666666665,0.4666666666666666,0.6153846153846153,0.5333333333333332,0.4545454545454544
1625.0,0.8522727272727274,0.3999999999999999,0.6363636363636361,0.7818181818181816,0.5384615384615384,0.3846153846153846,0.9523809523809522,0.3999999999999999,0.4545454545454544,0.5833333333333333,0.39999999999999997,0.5769230769230769,0.5333333333333332,0.4545454545454544
1673.0,0.8465909090909095,0.3999999999999999,0.6363636363636361,0.7818181818181816,0.5384615384615384,0.3846153846153846,0.9523809523809522,0.3999999999999999,0.4545454545454544,0.5833333333333333,0.39999999999999997,0.5769230769230769,0.5333333333333332,0.4545454545454544
1674.0,0.8409090909090909,0.3999999999999999,0.5909090909090908,0.7818181818181816,0.5384615384615384,0.3846153846153846,0.9523809523809522,0.3999999999999999,0.4545454545454544,0.5833333333333333,0.39999999999999997,0.5769230769230769,0.5333333333333332,0.4545454545454544
1706.0,0.8352272727272728,0.3999999999999999,0.5909090909090908,0.7636363636363636,0.5384615384615384,0.3846153846153846,0.9523809523809522,0.3999999999999999,0.4545454545454544,0.5833333333333333,0.39999999999999997,0.5769230769230769,0.5333333333333332,0.4545454545454544
1711.0,0.8295454545454548,0.3999999999999999,0.5909090909090908,0.7636363636363636,0.5384615384615384,0.3846153846153846,0.9523809523809522,0.3999999999999999,0.4545454545454544,0.5833333333333333,0.39999999999999997,0.5769230769230769,0.5333333333333332,0.4545454545454544
1781.0,0.8238636363636366,0.3,0.5909090909090908,0.7454545454545454,0.4615384615384615,0.3846153846153846,0.9523809523809522,0.3999999999999999,0.4545454545454544,0.5833333333333333,0.39999999999999997,0.5769230769230769,0.5333333333333332,0.3636363636363636
1815.0,0.8181818181818186,0.3,0.5454545454545454,0.7454545454545454,0.4615384615384615,0.30769230769230765,0.9523809523809522,0.3999999999999999,0.4545454545454544,0.5833333333333333,0.39999999999999997,0.5769230769230769,0.5333333333333332,0.3636363636363636
1851.0,0.8125000000000001,0.3,0.5454545454545454,0.7272727272727271,0.4615384615384615,0.30769230769230765,0.9523809523809522,0.3999999999999999,0.4545454545454544,0.5833333333333333,0.39999999999999997,0.5769230769230769,0.5333333333333332,0.3636363636363636
2006.0,0.8068181818181822,0.3,0.5454545454545454,0.7090909090909088,0.4615384615384615,0.30769230769230765,0.9523809523809522,0.3999999999999999,0.4545454545454544,0.5833333333333333,0.39999999999999997,0.5769230769230769,0.5333333333333332,0.3636363636363636
2016.0,0.8011363636363641,0.3,0.49999999999999994,0.7090909090909088,0.4615384615384615,0.23076923076923078,0.9523809523809522,0.3999999999999999,0.4545454545454544,0.5833333333333333,0.39999999999999997,0.5769230769230769,0.5333333333333332,0.3636363636363636
2099.0,0.7954545454545454,0.19999999999999998,0.45454545454545453,0.7090909090909088,0.3846153846153846,0.15384615384615385,0.9523809523809522,0.3999999999999999,0.3636363636363636,0.49999999999999994,0.3333333333333333,0.5384615384615383,0.5333333333333332,0.2727272727272727
2223.0,0.7840909090909097,0.09999999999999998,0.40909090909090906,0.7090909090909088,0.30769230769230765,0.07692307692307693,0.9523809523809522,0.3999999999999999,0.2727272727272727,0.49999999999999994,0.3333333333333333,0.5384615384615383,0.5333333333333332,0.18181818181818182
2236.0,0.7784090909090914,0.09999999999999998,0.40909090909090906,0.7090909090909088,0.30769230769230765,0.07692307692307693,0.9285714285714284,0.3999999999999999,0.2727272727272727,0.49999999999999994,0.3333333333333333,0.5384615384615383,0.5333333333333332,0.18181818181818182
2339.0,0.7727272727272733,0.09999999999999998,0.40909090909090906,0.6909090909090907,0.30769230769230765,0.07692307692307693,0.9285714285714284,0.3999999999999999,0.2727272727272727,0.49999999999999994,0.3333333333333333,0.5384615384615383,0.5333333333333332,0.18181818181818182
2400.0,0.767045454545455,0.09999999999999998,0.40909090909090906,0.6727272727272725,0.30769230769230765,0.07692307692307693,0.9285714285714284,0.3999999999999999,0.2727272727272727,0.49999999999999994,0.3333333333333333,0.5384615384615383,0.5333333333333332,0.18181818181818182
2403.0,0.7613636363636365,0.09999999999999998,0.40909090909090906,0.6727272727272725,0.30769230769230765,0.07692307692307693,0.9285714285714284,0.3999999999999999,0.2727272727272727,0.49999999999999994,0.3333333333333333,0.5384615384615383,0.5333333333333332,0.18181818181818182
2422.0,0.7556818181818185,0.09999999999999998,0.3636363636363635,0.6727272727272725,0.30769230769230765,0.07692307692307693,0.9285714285714284,0.3999999999999999,0.2727272727272727,0.49999999999999994,0.3333333333333333,0.5384615384615383,0.5333333333333332,0.18181818181818182
2434.0,0.7500000000000001,0.09999999999999998,0.3636363636363635,0.6545454545454543,0.30769230769230765,0.07692307692307693,0.9285714285714284,0.3999999999999999,0.2727272727272727,0.49999999999999994,0.3333333333333333,0.5384615384615383,0.5333333333333332,0.18181818181818182
2445.0,0.7443181818181819,0.09999999999999998,0.3636363636363635,0.6545454545454543,0.30769230769230765,0.07692307692307693,0.9047619047619045,0.3999999999999999,0.2727272727272727,0.49999999999999994,0.3333333333333333,0.5384615384615383,0.5333333333333332,0.18181818181818182
2476.0,0.7386363636363638,0.09999999999999998,0.3636363636363635,0.6545454545454543,0.30769230769230765,0.07692307692307693,0.9047619047619045,0.3999999999999999,0.2727272727272727,0.49999999999999994,0.3333333333333333,0.5384615384615383,0.5333333333333332,0.18181818181818182
2587.0,0.7329545454545456,0.09999999999999998,0.3636363636363635,0.6363636363636361,0.30769230769230765,0.07692307692307693,0.9047619047619045,0.3999999999999999,0.2727272727272727,0.41666666666666663,0.3333333333333333,0.49999999999999994,0.4666666666666666,0.18181818181818182
2651.0,0.7272727272727274,0.09999999999999998,0.3636363636363635,0.6363636363636361,0.30769230769230765,0.07692307692307693,0.9047619047619045,0.3999999999999999,0.2727272727272727,0.3333333333333333,0.3333333333333333,0.4615384615384615,0.39999999999999997,0.18181818181818182
2678.0,0.7215909090909093,0.09999999999999998,0.3636363636363635,0.6363636363636361,0.30769230769230765,0.07692307692307693,0.9047619047619045,0.3999999999999999,0.2727272727272727,0.3333333333333333,0.3333333333333333,0.4615384615384615,0.39999999999999997,0.18181818181818182
2815.0,0.7159090909090912,0.09999999999999998,0.31818181818181807,0.6363636363636361,0.30769230769230765,0.07692307692307693,0.9047619047619045,0.3999999999999999,0.2727272727272727,0.3333333333333333,0.3333333333333333,0.4615384615384615,0.39999999999999997,0.18181818181818182
2833.0,0.7102272727272733,0.09999999999999998,0.31818181818181807,0.6363636363636361,0.30769230769230765,0.07692307692307693,0.9047619047619045,0.3999999999999999,0.2727272727272727,0.3333333333333333,0.3333333333333333,0.4615384615384615,0.39999999999999997,0.18181818181818182
2865.0,0.704545454545455,0.09999999999999998,0.31818181818181807,0.6181818181818182,0.30769230769230765,0.07692307692307693,0.9047619047619045,0.3,0.2727272727272727,0.25,0.26666666666666666,0.4230769230769231,0.3333333333333333,0.18181818181818182
2910.0,0.6988636363636364,0.09999999999999998,0.27272727272727265,0.6181818181818182,0.30769230769230765,0.07692307692307693,0.9047619047619045,0.3,0.2727272727272727,0.25,0.26666666666666666,0.4230769230769231,0.3333333333333333,0.18181818181818182
2970.0,0.6931818181818186,0.09999999999999998,0.27272727272727265,0.5999999999999999,0.30769230769230765,0.07692307692307693,0.9047619047619045,0.3,0.2727272727272727,0.25,0.26666666666666666,0.4230769230769231,0.3333333333333333,0.18181818181818182
2989.0,0.6875000000000004,0.09999999999999998,0.27272727272727265,0.5999999999999999,0.30769230769230765,0.07692307692307693,0.8809523809523808,0.3,0.2727272727272727,0.25,0.26666666666666666,0.4230769230769231,0.3333333333333333,0.18181818181818182
3010.0,0.681818181818182,0.09999999999999998,0.27272727272727265,0.5999999999999999,0.30769230769230765,0.07692307692307693,0.8809523809523808,0.3,0.2727272727272727,0.25,0.26666666666666666,0.4230769230769231,0.3333333333333333,0.18181818181818182
3012.0,0.6761363636363641,0.09999999999999998,0.27272727272727265,0.5818181818181817,0.30769230769230765,0.07692307692307693,0.8809523809523808,0.3,0.2727272727272727,0.25,0.26666666666666666,0.4230769230769231,0.3333333333333333,0.18181818181818182
3014.0,0.670454545454546,0.09999999999999998,0.27272727272727265,0.5636363636363635,0.30769230769230765,0.07692307692307693,0.8809523809523808,0.3,0.2727272727272727,0.25,0.26666666666666666,0.4230769230769231,0.3333333333333333,0.18181818181818182
3027.0,0.6647727272727276,0.09999999999999998,0.27272727272727265,0.5636363636363635,0.30769230769230765,0.07692307692307693,0.857142857142857,0.3,0.2727272727272727,0.25,0.26666666666666666,0.4230769230769231,0.3333333333333333,0.18181818181818182
3062.0,0.6590909090909093,0.09999999999999998,0.27272727272727265,0.5454545454545454,0.30769230769230765,0.07692307692307693,0.857142857142857,0.3,0.2727272727272727,0.25,0.26666666666666666,0.4230769230769231,0.3333333333333333,0.18181818181818182
3167.0,0.6534090909090913,0.09999999999999998,0.2272727272727272,0.5454545454545454,0.30769230769230765,0.0,0.857142857142857,0.3,0.2727272727272727,0.25,0.26666666666666666,0.4230769230769231,0.3333333333333333,0.18181818181818182
3186.0,0.6477272727272732,0.09999999999999998,0.18181818181818177,0.5454545454545454,0.30769230769230765,0.0,0.857142857142857,0.3,0.2727272727272727,0.25,0.26666666666666666,0.4230769230769231,0.3333333333333333,0.18181818181818182
3226.0,0.6420454545454549,0.09999999999999998,0.18181818181818177,0.5454545454545454,0.30769230769230765,0.0,0.857142857142857,0.3,0.2727272727272727,0.25,0.26666666666666666,0.4230769230769231,0.3333333333333333,0.18181818181818182
3318.0,0.6363636363636364,0.09999999999999998,0.18181818181818177,0.5454545454545454,0.30769230769230765,0.0,0.857142857142857,0.3,0.2727272727272727,0.25,0.26666666666666666,0.4230769230769231,0.3333333333333333,0.18181818181818182
3386.0,0.6306818181818183,0.09999999999999998,0.18181818181818177,0.5454545454545454,0.30769230769230765,0.0,0.8333333333333331,0.3,0.2727272727272727,0.25,0.26666666666666666,0.4230769230769231,0.3333333333333333,0.18181818181818182
3448.0,0.6250000000000004,0.09999999999999998,0.18181818181818177,0.5272727272727272,0.30769230769230765,0.0,0.8333333333333331,0.3,0.2727272727272727,0.25,0.26666666666666666,0.4230769230769231,0.3333333333333333,0.18181818181818182
3511.0,0.6193181818181819,0.09999999999999998,0.18181818181818177,0.5272727272727272,0.30769230769230765,0.0,0.8333333333333331,0.3,0.2727272727272727,0.25,0.26666666666666666,0.4230769230769231,0.3333333333333333,0.18181818181818182
3560.0,0.613636363636364,0.09999999999999998,0.18181818181818177,0.5272727272727272,0.30769230769230765,0.0,0.8095238095238095,0.3,0.2727272727272727,0.25,0.26666666666666666,0.4230769230769231,0.3333333333333333,0.18181818181818182
3562.0,0.6079545454545454,0.09999999999999998,0.18181818181818177,0.5272727272727272,0.30769230769230765,0.0,0.8095238095238095,0.3,0.2727272727272727,0.25,0.26666666666666666,0.4230769230769231,0.3333333333333333,0.18181818181818182
3658.0,0.6022727272727274,0.09999999999999998,0.18181818181818177,0.5272727272727272,0.30769230769230765,0.0,0.8095238095238095,0.3,0.2727272727272727,0.25,0.26666666666666666,0.4230769230769231,0.3333333333333333,0.18181818181818182
3855.0,0.5965909090909092,0.09999999999999998,0.18181818181818177,0.5272727272727272,0.30769230769230765,0.0,0.8095238095238095,0.3,0.2727272727272727,0.25,0.26666666666666666,0.4230769230769231,0.3333333333333333,0.18181818181818182
3924.0,0.590909090909091,0.09999999999999998,0.18181818181818177,0.5090909090909089,0.30769230769230765,0.0,0.8095238095238095,0.3,0.2727272727272727,0.16666666666666669,0.2,0.38461538461538464,0.26666666666666666,0.18181818181818182
3958.0,0.585227272727273,0.09999999999999998,0.18181818181818177,0.4909090909090908,0.30769230769230765,0.0,0.8095238095238095,0.3,0.2727272727272727,0.16666666666666669,0.2,0.38461538461538464,0.26666666666666666,0.18181818181818182
4071.0,0.5795454545454546,0.09999999999999998,0.18181818181818177,0.4909090909090908,0.30769230769230765,0.0,0.8095238095238095,0.3,0.2727272727272727,0.16666666666666669,0.2,0.38461538461538464,0.26666666666666666,0.18181818181818182
4133.0,0.5738636363636367,0.09999999999999998,0.18181818181818177,0.47272727272727266,0.30769230769230765,0.0,0.8095238095238095,0.3,0.2727272727272727,0.16666666666666669,0.2,0.38461538461538464,0.26666666666666666,0.18181818181818182
4169.0,0.5681818181818187,0.09999999999999998,0.18181818181818177,0.47272727272727266,0.30769230769230765,0.0,0.7857142857142856,0.3,0.2727272727272727,0.16666666666666669,0.2,0.3461538461538462,0.26666666666666666,0.18181818181818182
4206.0,0.5625000000000001,0.09999999999999998,0.18181818181818177,0.45454545454545436,0.30769230769230765,0.0,0.7857142857142856,0.19999999999999998,0.2727272727272727,0.16666666666666669,0.2,0.3076923076923076,0.26666666666666666,0.18181818181818182
4246.0,0.5568181818181822,0.09999999999999998,0.18181818181818177,0.45454545454545436,0.30769230769230765,0.0,0.7857142857142856,0.19999999999999998,0.2727272727272727,0.16666666666666669,0.2,0.3076923076923076,0.26666666666666666,0.18181818181818182
4249.0,0.5511363636363639,0.09999999999999998,0.18181818181818177,0.45454545454545436,0.30769230769230765,0.0,0.7857142857142856,0.19999999999999998,0.2727272727272727,0.16666666666666669,0.2,0.3076923076923076,0.26666666666666666,0.18181818181818182
4505.0,0.5454545454545456,0.09999999999999998,0.18181818181818177,0.4363636363636363,0.30769230769230765,0.0,0.7857142857142856,0.19999999999999998,0.2727272727272727,0.16666666666666669,0.2,0.3076923076923076,0.26666666666666666,0.18181818181818182
4550.0,0.5397727272727274,0.09999999999999998,0.18181818181818177,0.41818181818181804,0.30769230769230765,0.0,0.7857142857142856,0.19999999999999998,0.2727272727272727,0.16666666666666669,0.2,0.3076923076923076,0.26666666666666666,0.18181818181818182
4656.0,0.5340909090909093,0.09999999999999998,0.18181818181818177,0.39999999999999997,0.30769230769230765,0.0,0.7857142857142856,0.19999999999999998,0.2727272727272727,0.16666666666666669,0.2,0.3076923076923076,0.26666666666666666,0.18181818181818182
4726.0,0.5284090909090913,0.09999999999999998,0.18181818181818177,0.39999999999999997,0.30769230769230765,0.0,0.7857142857142856,0.19999999999999998,0.2727272727272727,0.16666666666666669,0.2,0.3076923076923076,0.26666666666666666,0.18181818181818182
4758.0,0.522727272727273,0.09999999999999998,0.18181818181818177,0.3818181818181817,0.30769230769230765,0.0,0.7857142857142856,0.19999999999999998,0.2727272727272727,0.16666666666666669,0.13333333333333333,0.26923076923076916,0.2,0.18181818181818182
4763.0,0.5170454545454546,0.09999999999999998,0.18181818181818177,0.3818181818181817,0.30769230769230765,0.0,0.7857142857142856,0.19999999999999998,0.2727272727272727,0.16666666666666669,0.13333333333333333,0.26923076923076916,0.2,0.18181818181818182
4807.0,0.5113636363636366,0.0,0.18181818181818177,0.3818181818181817,0.23076923076923078,0.0,0.7857142857142856,0.19999999999999998,0.18181818181818182,0.08333333333333333,0.06666666666666667,0.23076923076923073,0.2,0.18181818181818182
4826.0,0.5056818181818183,0.0,0.18181818181818177,0.3636363636363635,0.23076923076923078,0.0,0.7857142857142856,0.19999999999999998,0.18181818181818182,0.08333333333333333,0.06666666666666667,0.23076923076923073,0.2,0.18181818181818182
4996.0,0.5000000000000004,0.0,0.18181818181818177,0.3636363636363635,0.23076923076923078,0.0,0.7619047619047619,0.19999999999999998,0.18181818181818182,0.08333333333333333,0.06666666666666667,0.23076923076923073,0.2,0.18181818181818182
5022.0,0.494318181818182,0.0,0.18181818181818177,0.3636363636363635,0.23076923076923078,0.0,0.7619047619047619,0.19999999999999998,0.18181818181818182,0.08333333333333333,0.06666666666666667,0.23076923076923073,0.2,0.18181818181818182
5024.0,0.48863636363636365,0.0,0.18181818181818177,0.3636363636363635,0.23076923076923078,0.0,0.7619047619047619,0.19999999999999998,0.18181818181818182,0.08333333333333333,0.06666666666666667,0.23076923076923073,0.2,0.18181818181818182
5143.0,0.48295454545454575,0.0,0.18181818181818177,0.3454545454545453,0.23076923076923078,0.0,0.7619047619047619,0.19999999999999998,0.18181818181818182,0.08333333333333333,0.06666666666666667,0.23076923076923073,0.2,0.18181818181818182
5151.0,0.47727272727272735,0.0,0.18181818181818177,0.3454545454545453,0.23076923076923078,0.0,0.738095238095238,0.19999999999999998,0.18181818181818182,0.08333333333333333,0.06666666666666667,0.23076923076923073,0.2,0.18181818181818182
5181.0,0.47159090909090945,0.0,0.18181818181818177,0.32727272727272716,0.23076923076923078,0.0,0.738095238095238,0.19999999999999998,0.18181818181818182,0.08333333333333333,0.06666666666666667,0.23076923076923073,0.2,0.18181818181818182
5216.0,0.4659090909090912,0.0,0.13636363636363635,0.32727272727272716,0.23076923076923078,0.0,0.738095238095238,0.19999999999999998,0.18181818181818182,0.08333333333333333,0.06666666666666667,0.23076923076923073,0.2,0.18181818181818182
5231.0,0.4602272727272731,0.0,0.13636363636363635,0.32727272727272716,0.23076923076923078,0.0,0.7142857142857143,0.19999999999999998,0.18181818181818182,0.08333333333333333,0.06666666666666667,0.19230769230769226,0.13333333333333333,0.18181818181818182
5238.0,0.45454545454545453,0.0,0.13636363636363635,0.32727272727272716,0.23076923076923078,0.0,0.6904761904761905,0.19999999999999998,0.18181818181818182,0.08333333333333333,0.06666666666666667,0.19230769230769226,0.13333333333333333,0.18181818181818182
5293.0,0.4488636363636366,0.0,0.13636363636363635,0.309090909090909,0.23076923076923078,0.0,0.6904761904761905,0.19999999999999998,0.18181818181818182,0.08333333333333333,0.06666666666666667,0.19230769230769226,0.13333333333333333,0.18181818181818182
5308.0,0.44318181818181834,0.0,0.0909090909090909,0.309090909090909,0.23076923076923078,0.0,0.6904761904761905,0.19999999999999998,0.18181818181818182,0.08333333333333333,0.06666666666666667,0.19230769230769226,0.13333333333333333,0.18181818181818182
5354.0,0.4375000000000003,0.0,0.0909090909090909,0.309090909090909,0.23076923076923078,0.0,0.6904761904761905,0.19999999999999998,0.18181818181818182,0.08333333333333333,0.06666666666666667,0.19230769230769226,0.13333333333333333,0.18181818181818182
5392.0,0.431818181818182,0.0,0.0909090909090909,0.2909090909090908,0.23076923076923078,0.0,0.6904761904761905,0.19999999999999998,0.18181818181818182,0.08333333333333333,0.06666666666666667,0.19230769230769226,0.13333333333333333,0.18181818181818182
5550.0,0.4261363636363637,0.0,0.0909090909090909,0.27272727272727265,0.23076923076923078,0.0,0.6904761904761905,0.19999999999999998,0.18181818181818182,0.08333333333333333,0.06666666666666667,0.19230769230769226,0.13333333333333333,0.18181818181818182
5757.0,0.4204545454545458,0.0,0.0909090909090909,0.2545454545454544,0.23076923076923078,0.0,0.6904761904761905,0.19999999999999998,0.18181818181818182,0.08333333333333333,0.06666666666666667,0.19230769230769226,0.13333333333333333,0.18181818181818182
5779.0,0.41477272727272735,0.0,0.04545454545454544,0.2545454545454544,0.23076923076923078,0.0,0.6904761904761905,0.19999999999999998,0.18181818181818182,0.08333333333333333,0.06666666666666667,0.19230769230769226,0.13333333333333333,0.18181818181818182
5796.0,0.4090909090909093,0.0,0.04545454545454544,0.2363636363636363,0.23076923076923078,0.0,0.6904761904761905,0.19999999999999998,0.18181818181818182,0.08333333333333333,0.06666666666666667,0.19230769230769226,0.13333333333333333,0.18181818181818182
5824.0,0.4034090909090911,0.0,0.04545454545454544,0.2363636363636363,0.23076923076923078,0.0,0.6904761904761905,0.19999999999999998,0.18181818181818182,0.08333333333333333,0.06666666666666667,0.19230769230769226,0.13333333333333333,0.18181818181818182
5917.0,0.39772727272727304,0.0,0.04545454545454544,0.2363636363636363,0.23076923076923078,0.0,0.6666666666666665,0.19999999999999998,0.18181818181818182,0.08333333333333333,0.06666666666666667,0.19230769230769226,0.13333333333333333,0.18181818181818182
5930.0,0.3920454545454548,0.0,0.04545454545454544,0.21818181818181814,0.23076923076923078,0.0,0.6666666666666665,0.19999999999999998,0.18181818181818182,0.08333333333333333,0.06666666666666667,0.19230769230769226,0.13333333333333333,0.18181818181818182
6025.0,0.38636363636363663,0.0,0.04545454545454544,0.21818181818181814,0.23076923076923078,0.0,0.6666666666666665,0.09999999999999998,0.18181818181818182,0.08333333333333333,0.06666666666666667,0.15384615384615383,0.13333333333333333,0.18181818181818182
6089.0,0.38068181818181823,0.0,0.04545454545454544,0.21818181818181814,0.23076923076923078,0.0,0.6428571428571428,0.09999999999999998,0.18181818181818182,0.08333333333333333,0.06666666666666667,0.15384615384615383,0.13333333333333333,0.18181818181818182
6143.0,0.375,0.0,0.0,0.21818181818181814,0.23076923076923078,0.0,0.6428571428571428,0.09999999999999998,0.18181818181818182,0.08333333333333333,0.06666666666666667,0.15384615384615383,0.13333333333333333,0.18181818181818182
6147.0,0.3693181818181819,0.0,0.0,0.21818181818181814,0.23076923076923078,0.0,0.6190476190476191,0.0,0.18181818181818182,0.0,0.06666666666666667,0.11538461538461536,0.06666666666666667,0.18181818181818182
6155.0,0.36363636363636365,0.0,0.0,0.21818181818181814,0.23076923076923078,0.0,0.6190476190476191,0.0,0.18181818181818182,0.0,0.06666666666666667,0.11538461538461536,0.06666666666666667,0.18181818181818182
6209.0,0.3579545454545456,0.0,0.0,0.19999999999999998,0.23076923076923078,0.0,0.6190476190476191,0.0,0.18181818181818182,0.0,0.06666666666666667,0.11538461538461536,0.06666666666666667,0.18181818181818182
6256.0,0.35227272727272746,0.0,0.0,0.18181818181818182,0.23076923076923078,0.0,0.6190476190476191,0.0,0.18181818181818182,0.0,0.06666666666666667,0.11538461538461536,0.06666666666666667,0.18181818181818182
6349.0,0.3465909090909093,0.0,0.0,0.18181818181818182,0.15384615384615385,0.0,0.595238095238095,0.0,0.0909090909090909,0.0,0.06666666666666667,0.11538461538461536,0.06666666666666667,0.0909090909090909
6415.0,0.34090909090909094,0.0,0.0,0.16363636363636364,0.15384615384615385,0.0,0.595238095238095,0.0,0.0909090909090909,0.0,0.06666666666666667,0.11538461538461536,0.06666666666666667,0.0909090909090909
6479.0,0.33522727272727293,0.0,0.0,0.16363636363636364,0.15384615384615385,0.0,0.595238095238095,0.0,0.0909090909090909,0.0,0.06666666666666667,0.11538461538461536,0.06666666666666667,0.0909090909090909
6524.0,0.3295454545454546,0.0,0.0,0.16363636363636364,0.15384615384615385,0.0,0.5714285714285714,0.0,0.0909090909090909,0.0,0.06666666666666667,0.11538461538461536,0.06666666666666667,0.0909090909090909
6642.0,0.3238636363636365,0.0,0.0,0.16363636363636364,0.15384615384615385,0.0,0.5476190476190476,0.0,0.0909090909090909,0.0,0.06666666666666667,0.11538461538461536,0.06666666666666667,0.0909090909090909
6727.0,0.31818181818181845,0.0,0.0,0.16363636363636364,0.15384615384615385,0.0,0.5476190476190476,0.0,0.0909090909090909,0.0,0.06666666666666667,0.11538461538461536,0.06666666666666667,0.0909090909090909
6760.0,0.3125000000000002,0.0,0.0,0.16363636363636364,0.15384615384615385,0.0,0.5476190476190476,0.0,0.0909090909090909,0.0,0.06666666666666667,0.11538461538461536,0.06666666666666667,0.0909090909090909
6763.0,0.306818181818182,0.0,0.0,0.1454545454545454,0.15384615384615385,0.0,0.5476190476190476,0.0,0.0909090909090909,0.0,0.06666666666666667,0.11538461538461536,0.06666666666666667,0.0909090909090909
6778.0,0.3011363636363638,0.0,0.0,0.1454545454545454,0.15384615384615385,0.0,0.5476190476190476,0.0,0.0909090909090909,0.0,0.06666666666666667,0.11538461538461536,0.06666666666666667,0.0909090909090909
6931.0,0.29545454545454564,0.0,0.0,0.12727272727272726,0.15384615384615385,0.0,0.5476190476190476,0.0,0.0909090909090909,0.0,0.06666666666666667,0.07692307692307689,0.06666666666666667,0.0909090909090909
7085.0,0.2897727272727274,0.0,0.0,0.12727272727272726,0.07692307692307693,0.0,0.5238095238095238,0.0,0.0909090909090909,0.0,0.06666666666666667,0.07692307692307689,0.06666666666666667,0.0
7106.0,0.28409090909090917,0.0,0.0,0.12727272727272726,0.07692307692307693,0.0,0.5238095238095238,0.0,0.0909090909090909,0.0,0.06666666666666667,0.07692307692307689,0.06666666666666667,0.0
7235.0,0.278409090909091,0.0,0.0,0.12727272727272726,0.07692307692307693,0.0,0.49999999999999994,0.0,0.0909090909090909,0.0,0.06666666666666667,0.07692307692307689,0.06666666666666667,0.0
7246.0,0.2727272727272729,0.0,0.0,0.10909090909090911,0.07692307692307693,0.0,0.49999999999999994,0.0,0.0909090909090909,0.0,0.06666666666666667,0.07692307692307689,0.06666666666666667,0.0
7428.0,0.26704545454545464,0.0,0.0,0.10909090909090911,0.07692307692307693,0.0,0.49999999999999994,0.0,0.0909090909090909,0.0,0.06666666666666667,0.07692307692307689,0.06666666666666667,0.0
7576.0,0.26136363636363646,0.0,0.0,0.0909090909090909,0.0,0.0,0.49999999999999994,0.0,0.0,0.0,0.06666666666666667,0.07692307692307689,0.06666666666666667,0.0
7817.0,0.25568181818181823,0.0,0.0,0.0909090909090909,0.0,0.0,0.49999999999999994,0.0,0.0,0.0,0.06666666666666667,0.07692307692307689,0.06666666666666667,0.0
7921.0,0.25000000000000006,0.0,0.0,0.0909090909090909,0.0,0.0,0.49999999999999994,0.0,0.0,0.0,0.06666666666666667,0.07692307692307689,0.06666666666666667,0.0
7928.0,0.2443181818181819,0.0,0.0,0.07272727272727272,0.0,0.0,0.49999999999999994,0.0,0.0,0.0,0.06666666666666667,0.07692307692307689,0.06666666666666667,0.0
8002.0,0.23863636363636376,0.0,0.0,0.07272727272727272,0.0,0.0,0.49999999999999994,0.0,0.0,0.0,0.06666666666666667,0.07692307692307689,0.06666666666666667,0.0
8055.0,0.23295454545454558,0.0,0.0,0.07272727272727272,0.0,0.0,0.49999999999999994,0.0,0.0,0.0,0.06666666666666667,0.07692307692307689,0.06666666666666667,0.0
8327.0,0.22727272727272735,0.0,0.0,0.05454545454545455,0.0,0.0,0.49999999999999994,0.0,0.0,0.0,0.06666666666666667,0.07692307692307689,0.06666666666666667,0.0
8421.0,0.22159090909090914,0.0,0.0,0.05454545454545455,0.0,0.0,0.49999999999999994,0.0,0.0,0.0,0.06666666666666667,0.07692307692307689,0.06666666666666667,0.0
8552.0,0.21590909090909097,0.0,0.0,0.036363636363636355,0.0,0.0,0.49999999999999994,0.0,0.0,0.0,0.06666666666666667,0.07692307692307689,0.06666666666666667,0.0
8856.0,0.2102272727272728,0.0,0.0,0.036363636363636355,0.0,0.0,0.49999999999999994,0.0,0.0,0.0,0.06666666666666667,0.07692307692307689,0.06666666666666667,0.0
8918.0,0.2045454545454546,0.0,0.0,0.018181818181818177,0.0,0.0,0.49999999999999994,0.0,0.0,0.0,0.06666666666666667,0.07692307692307689,0.06666666666666667,0.0
8973.0,0.1988636363636364,0.0,0.0,0.018181818181818177,0.0,0.0,0.47619047619047605,0.0,0.0,0.0,0.06666666666666667,0.07692307692307689,0.06666666666666667,0.0
8978.0,0.1931818181818183,0.0,0.0,0.018181818181818177,0.0,0.0,0.4523809523809522,0.0,0.0,0.0,0.06666666666666667,0.07692307692307689,0.06666666666666667,0.0
9019.0,0.18750000000000008,0.0,0.0,0.018181818181818177,0.0,0.0,0.4523809523809522,0.0,0.0,0.0,0.06666666666666667,0.07692307692307689,0.06666666666666667,0.0
9081.0,0.18181818181818188,0.0,0.0,0.018181818181818177,0.0,0.0,0.42857142857142844,0.0,0.0,0.0,0.06666666666666667,0.07692307692307689,0.06666666666666667,0.0
9085.0,0.1761363636363637,0.0,0.0,0.018181818181818177,0.0,0.0,0.40476190476190477,0.0,0.0,0.0,0.06666666666666667,0.07692307692307689,0.06666666666666667,0.0
9101.0,0.17045454545454555,0.0,0.0,0.018181818181818177,0.0,0.0,0.3809523809523809,0.0,0.0,0.0,0.06666666666666667,0.07692307692307689,0.06666666666666667,0.0
9267.0,0.16477272727272735,0.0,0.0,0.018181818181818177,0.0,0.0,0.3571428571428571,0.0,0.0,0.0,0.06666666666666667,0.07692307692307689,0.06666666666666667,0.0
9304.0,0.15909090909090914,0.0,0.0,0.018181818181818177,0.0,0.0,0.3333333333333332,0.0,0.0,0.0,0.06666666666666667,0.07692307692307689,0.06666666666666667,0.0
9603.0,0.15340909090909097,0.0,0.0,0.018181818181818177,0.0,0.0,0.3095238095238095,0.0,0.0,0.0,0.06666666666666667,0.07692307692307689,0.06666666666666667,0.0
9607.0,0.1477272727272728,0.0,0.0,0.0,0.0,0.0,0.3095238095238095,0.0,0.0,0.0,0.06666666666666667,0.07692307692307689,0.06666666666666667,0.0
9618.0,0.14204545454545459,0.0,0.0,0.0,0.0,0.0,0.2857142857142857,0.0,0.0,0.0,0.06666666666666667,0.07692307692307689,0.06666666666666667,0.0
9953.0,0.13636363636363644,0.0,0.0,0.0,0.0,0.0,0.2857142857142857,0.0,0.0,0.0,0.06666666666666667,0.07692307692307689,0.06666666666666667,0.0
9978.0,0.13068181818181823,0.0,0.0,0.0,0.0,0.0,0.2857142857142857,0.0,0.0,0.0,0.06666666666666667,0.07692307692307689,0.06666666666666667,0.0
10164.0,0.12500000000000008,0.0,0.0,0.0,0.0,0.0,0.2619047619047619,0.0,0.0,0.0,0.06666666666666667,0.07692307692307689,0.06666666666666667,0.0
10410.0,0.11931818181818186,0.0,0.0,0.0,0.0,0.0,0.2380952380952381,0.0,0.0,0.0,0.06666666666666667,0.07692307692307689,0.06666666666666667,0.0
10504.0,0.11363636363636367,0.0,0.0,0.0,0.0,0.0,0.2142857142857143,0.0,0.0,0.0,0.06666666666666667,0.07692307692307689,0.06666666666666667,0.0
10852.0,0.10795454545454548,0.0,0.0,0.0,0.0,0.0,0.2142857142857143,0.0,0.0,0.0,0.06666666666666667,0.07692307692307689,0.06666666666666667,0.0
11340.0,0.10227272727272729,0.0,0.0,0.0,0.0,0.0,0.1904761904761904,0.0,0.0,0.0,0.06666666666666667,0.07692307692307689,0.06666666666666667,0.0
11395.0,0.10227272727272729,0.0,0.0,0.0,0.0,0.0,0.1904761904761904,0.0,0.0,0.0,0.06666666666666667,0.07692307692307689,0.06666666666666667,0.0
11425.0,0.09625668449197862,0.0,0.0,0.0,0.0,0.0,0.16326530612244894,0.0,0.0,0.0,0.06666666666666667,0.07692307692307689,0.06666666666666667,0.0
11506.0,0.09024064171122996,0.0,0.0,0.0,0.0,0.0,0.13605442176870744,0.0,0.0,0.0,0.06666666666666667,0.07692307692307689,0.06666666666666667,0.0
11719.0,0.09024064171122996,0.0,0.0,0.0,0.0,0.0,0.13605442176870744,0.0,0.0,0.0,0.06666666666666667,0.07692307692307689,0.06666666666666667,0.0
11801.0,0.09024064171122996,0.0,0.0,0.0,0.0,0.0,0.13605442176870744,0.0,0.0,0.0,0.06666666666666667,0.07692307692307689,0.06666666666666667,0.0
11861.0,0.0832990538872892,0.0,0.0,0.0,0.0,0.0,0.13605442176870744,0.0,0.0,0.0,0.06666666666666667,0.07692307692307689,0.06666666666666667,0.0
11936.0,0.07635746606334844,0.0,0.0,0.0,0.0,0.0,0.13605442176870744,0.0,0.0,0.0,0.06666666666666667,0.07692307692307689,0.06666666666666667,0.0
12140.0,0.06941587823940767,0.0,0.0,0.0,0.0,0.0,0.1020408163265306,0.0,0.0,0.0,0.06666666666666667,0.07692307692307689,0.06666666666666667,0.0
12313.0,0.06941587823940767,0.0,0.0,0.0,0.0,0.0,0.1020408163265306,0.0,0.0,0.0,0.06666666666666667,0.07692307692307689,0.06666666666666667,0.0
12319.0,0.06941587823940767,0.0,0.0,0.0,0.0,0.0,0.1020408163265306,0.0,0.0,0.0,0.06666666666666667,0.07692307692307689,0.06666666666666667,0.0
12349.0,0.06941587823940767,0.0,0.0,0.0,0.0,0.0,0.1020408163265306,0.0,0.0,0.0,0.06666666666666667,0.07692307692307689,0.06666666666666667,0.0
12689.0,0.06941587823940767,0.0,0.0,0.0,0.0,0.0,0.1020408163265306,0.0,0.0,0.0,0.06666666666666667,0.07692307692307689,0.06666666666666667,0.0
12726.0,0.06941587823940767,0.0,0.0,0.0,0.0,0.0,0.1020408163265306,0.0,0.0,0.0,0.06666666666666667,0.07692307692307689,0.06666666666666667,0.0
12931.0,0.05206190867955576,0.0,0.0,0.0,0.0,0.0,0.0,0.0,0.0,0.0,0.06666666666666667,0.07692307692307689,0.06666666666666667,0.0
13019.0,0.05206190867955576,0.0,0.0,0.0,0.0,0.0,0.0,0.0,0.0,0.0,0.06666666666666667,0.07692307692307689,0.06666666666666667,0.0
14111.0,0.02603095433977788,0.0,0.0,0.0,0.0,0.0,0.0,0.0,0.0,0.0,0.06666666666666667,0.07692307692307689,0.06666666666666667,0.0
14325.0,0.02603095433977788,0.0,0.0,0.0,0.0,0.0,0.0,0.0,0.0,0.0,0.06666666666666667,0.07692307692307689,0.06666666666666667,0.0
