times,population,R0,R1,R2,R3,R4,R5,R6,R7,R8,R9,R10
0.0,1.0,1.0,1.0,1.0,1.0,1.0,1.0,1.0,1.0,1.0,1.0,1.0
41.0,0.9963768115942037,0.9473684210526316,1.0,0.9411764705882352,0.9722222222222221,0.9523809523809522,1.0,1.0,1.0,1.0,0.9444444444444446,1.0
51.0,0.9927536231884064,0.8947368421052634,1.0,0.8823529411764706,0.9722222222222221,0.9047619047619045,0.9090909090909092,1.0,1.0,0.9545454545454544,0.9444444444444446,1.0
71.0,0.9891304347826091,0.8947368421052634,1.0,0.8823529411764706,0.9722222222222221,0.9047619047619045,0.8181818181818182,1.0,1.0,0.9090909090909087,0.9444444444444446,0.996108949416342
77.0,0.9855072463768124,0.8421052631578948,0.962962962962963,0.8823529411764706,0.9444444444444446,0.9047619047619045,0.8181818181818182,0.9375000000000001,1.0,0.9090909090909087,0.888888888888889,0.996108949416342
110.0,0.9818840579710151,0.7894736842105264,0.962962962962963,0.8235294117647056,0.9444444444444446,0.9047619047619045,0.8181818181818182,0.9375000000000001,0.9939759036144571,0.9090909090909087,0.888888888888889,0.996108949416342
131.0,0.9782608695652181,0.7894736842105264,0.962962962962963,0.7647058823529411,0.9444444444444446,0.9047619047619045,0.7272727272727271,0.9375000000000001,0.9939759036144571,0.8636363636363633,0.888888888888889,0.9922178988326842
140.0,0.9746376811594206,0.7894736842105264,0.962962962962963,0.7058823529411764,0.9166666666666667,0.857142857142857,0.7272727272727271,0.9375000000000001,0.9939759036144571,0.8636363636363633,0.888888888888889,0.988326848249027
179.0,0.9710144927536234,0.7368421052631579,0.962962962962963,0.6470588235294118,0.9166666666666667,0.8095238095238095,0.7272727272727271,0.9375000000000001,0.9939759036144571,0.8636363636363633,0.888888888888889,0.988326848249027
186.0,0.9673913043478266,0.7368421052631579,0.962962962962963,0.6470588235294118,0.9166666666666667,0.8095238095238095,0.7272727272727271,0.9375000000000001,0.9939759036144571,0.8636363636363633,0.888888888888889,0.9844357976653695
191.0,0.9637681159420294,0.6842105263157896,0.962962962962963,0.5882352941176472,0.9166666666666667,0.7619047619047619,0.7272727272727271,0.9375000000000001,0.9879518072289155,0.8181818181818179,0.888888888888889,0.9844357976653695
198.0,0.9601449275362322,0.6842105263157896,0.962962962962963,0.5882352941176472,0.9166666666666667,0.7619047619047619,0.7272727272727271,0.9375000000000001,0.981927710843373,0.8181818181818179,0.888888888888889,0.9805447470817118
216.0,0.956521739130435,0.6315789473684212,0.9259259259259257,0.5882352941176472,0.888888888888889,0.7619047619047619,0.7272727272727271,0.8749999999999999,0.981927710843373,0.8181818181818179,0.8333333333333335,0.9805447470817118
223.0,0.9528985507246382,0.5789473684210528,0.9259259259259257,0.5294117647058824,0.888888888888889,0.7619047619047619,0.7272727272727271,0.8749999999999999,0.981927710843373,0.7727272727272726,0.8333333333333335,0.9805447470817118
264.0,0.9492753623188407,0.5263157894736844,0.9259259259259257,0.47058823529411753,0.888888888888889,0.7619047619047619,0.7272727272727271,0.8749999999999999,0.981927710843373,0.7272727272727271,0.8333333333333335,0.9805447470817118
304.0,0.9456521739130441,0.5263157894736844,0.9259259259259257,0.47058823529411753,0.888888888888889,0.7619047619047619,0.7272727272727271,0.8749999999999999,0.981927710843373,0.7272727272727271,0.8333333333333335,0.9766536964980538
321.0,0.9420289855072467,0.5263157894736844,0.9259259259259257,0.47058823529411753,0.888888888888889,0.7619047619047619,0.7272727272727271,0.8749999999999999,0.981927710843373,0.7272727272727271,0.8333333333333335,0.9727626459143962
326.0,0.9384057971014493,0.5263157894736844,0.888888888888889,0.47058823529411753,0.8611111111111112,0.7619047619047619,0.7272727272727271,0.8125000000000001,0.981927710843373,0.7272727272727271,0.8333333333333335,0.9688715953307387
334.0,0.9347826086956524,0.473684210526316,0.888888888888889,0.41176470588235287,0.8611111111111112,0.7619047619047619,0.6363636363636362,0.8125000000000001,0.981927710843373,0.7272727272727271,0.8333333333333335,0.9688715953307387
348.0,0.9311594202898558,0.4210526315789474,0.8518518518518517,0.41176470588235287,0.8333333333333335,0.7619047619047619,0.6363636363636362,0.8125000000000001,0.981927710843373,0.6818181818181817,0.7777777777777778,0.9688715953307387
388.0,0.9275362318840582,0.368421052631579,0.8518518518518517,0.3529411764705882,0.8333333333333335,0.7142857142857143,0.6363636363636362,0.8125000000000001,0.9759036144578305,0.6363636363636361,0.7777777777777778,0.9688715953307387
400.0,0.923913043478261,0.31578947368421056,0.8518518518518517,0.2941176470588235,0.8333333333333335,0.7142857142857143,0.5454545454545454,0.8125000000000001,0.9759036144578305,0.6363636363636361,0.7777777777777778,0.9688715953307387
460.0,0.9202898550724642,0.31578947368421056,0.8518518518518517,0.2941176470588235,0.8333333333333335,0.7142857142857143,0.5454545454545454,0.8125000000000001,0.9759036144578305,0.6363636363636361,0.7777777777777778,0.9649805447470817
515.0,0.9166666666666672,0.31578947368421056,0.8518518518518517,0.2941176470588235,0.8333333333333335,0.7142857142857143,0.5454545454545454,0.8125000000000001,0.9759036144578305,0.6363636363636361,0.7777777777777778,0.961089494163424
533.0,0.9166666666666672,0.31578947368421056,0.8518518518518517,0.2941176470588235,0.8333333333333335,0.7142857142857143,0.5454545454545454,0.8125000000000001,0.9759036144578305,0.6363636363636361,0.7777777777777778,0.961089494163424
549.0,0.9130291005291006,0.26315789473684215,0.814814814814815,0.2352941176470588,0.8055555555555557,0.7142857142857143,0.5454545454545454,0.7500000000000001,0.9759036144578305,0.6363636363636361,0.7222222222222223,0.961089494163424
552.0,0.9093915343915344,0.26315789473684215,0.814814814814815,0.2352941176470588,0.8055555555555557,0.7142857142857143,0.5454545454545454,0.7500000000000001,0.9759036144578305,0.5909090909090908,0.7222222222222223,0.9571826263009718
597.0,0.9057539682539685,0.26315789473684215,0.7777777777777778,0.2352941176470588,0.7777777777777778,0.7142857142857143,0.5454545454545454,0.6875000000000001,0.9759036144578305,0.5909090909090908,0.7222222222222223,0.9532757584385187
611.0,0.9021164021164028,0.26315789473684215,0.7777777777777778,0.2352941176470588,0.7777777777777778,0.6666666666666665,0.5454545454545454,0.6875000000000001,0.9698795180722889,0.5909090909090908,0.7222222222222223,0.9493688905760653
673.0,0.8984788359788366,0.26315789473684215,0.7777777777777778,0.2352941176470588,0.7777777777777778,0.6666666666666665,0.5454545454545454,0.6875000000000001,0.9698795180722889,0.5909090909090908,0.7222222222222223,0.9454620227136129
694.0,0.89484126984127,0.26315789473684215,0.7407407407407406,0.2352941176470588,0.7500000000000001,0.6666666666666665,0.5454545454545454,0.6250000000000002,0.9698795180722889,0.5454545454545454,0.6666666666666669,0.9415551548511595
732.0,0.89484126984127,0.26315789473684215,0.7407407407407406,0.2352941176470588,0.7500000000000001,0.6666666666666665,0.5454545454545454,0.6250000000000002,0.9698795180722889,0.5454545454545454,0.6666666666666669,0.9415551548511595
733.0,0.8911888564949789,0.26315789473684215,0.7037037037037035,0.2352941176470588,0.7222222222222223,0.6666666666666665,0.4545454545454544,0.5625000000000001,0.9698795180722889,0.5454545454545454,0.6666666666666669,0.9376320083726134
737.0,0.8911888564949789,0.26315789473684215,0.7037037037037035,0.2352941176470588,0.7222222222222223,0.6666666666666665,0.4545454545454544,0.5625000000000001,0.9698795180722889,0.5454545454545454,0.6666666666666669,0.9376320083726134
750.0,0.8875214126410906,0.26315789473684215,0.6666666666666665,0.2352941176470588,0.6944444444444444,0.6666666666666665,0.4545454545454544,0.5625000000000001,0.9698795180722889,0.49999999999999994,0.6111111111111113,0.9336923780853336
762.0,0.8838539687872013,0.26315789473684215,0.6296296296296297,0.2352941176470588,0.6666666666666669,0.6666666666666665,0.4545454545454544,0.5625000000000001,0.9698795180722889,0.49999999999999994,0.5555555555555558,0.9297527477980537
769.0,0.8801865249333126,0.26315789473684215,0.6296296296296297,0.2352941176470588,0.6666666666666669,0.6666666666666665,0.4545454545454544,0.5625000000000001,0.9698795180722889,0.45454545454545453,0.5555555555555558,0.9258131175107734
786.0,0.8765190810794242,0.26315789473684215,0.6296296296296297,0.2352941176470588,0.6666666666666669,0.6666666666666665,0.4545454545454544,0.5625000000000001,0.9638554216867463,0.45454545454545453,0.5555555555555558,0.9218734872234938
788.0,0.8765190810794242,0.26315789473684215,0.6296296296296297,0.2352941176470588,0.6666666666666669,0.6666666666666665,0.4545454545454544,0.5625000000000001,0.9638554216867463,0.45454545454545453,0.5555555555555558,0.9218734872234938
790.0,0.8728362277975779,0.26315789473684215,0.6296296296296297,0.2352941176470588,0.6666666666666669,0.6666666666666665,0.3636363636363636,0.5625000000000001,0.9578313253012044,0.45454545454545453,0.5555555555555558,0.9179169486517195
797.0,0.8691533745157317,0.26315789473684215,0.6296296296296297,0.2352941176470588,0.6376811594202901,0.6666666666666665,0.2727272727272727,0.49218750000000017,0.9578313253012044,0.45454545454545453,0.5000000000000002,0.9139604100799446
799.0,0.8654705212338849,0.26315789473684215,0.5925925925925926,0.2352941176470588,0.6086956521739132,0.6190476190476191,0.2727272727272727,0.49218750000000017,0.9578313253012044,0.45454545454545453,0.5000000000000002,0.9100038715081704
837.0,0.8654705212338849,0.26315789473684215,0.5925925925925926,0.2352941176470588,0.6086956521739132,0.6190476190476191,0.2727272727272727,0.49218750000000017,0.9578313253012044,0.45454545454545453,0.5000000000000002,0.9100038715081704
839.0,0.8654705212338849,0.26315789473684215,0.5925925925925926,0.2352941176470588,0.6086956521739132,0.6190476190476191,0.2727272727272727,0.49218750000000017,0.9578313253012044,0.45454545454545453,0.5000000000000002,0.9100038715081704
850.0,0.8617560554775167,0.26315789473684215,0.5925925925925926,0.2352941176470588,0.6086956521739132,0.6190476190476191,0.2727272727272727,0.49218750000000017,0.9517691017233483,0.45454545454545453,0.5000000000000002,0.906012626457696
853.0,0.8580415897211479,0.26315789473684215,0.5530864197530863,0.2352941176470588,0.5782608695652175,0.6190476190476191,0.2727272727272727,0.42187500000000017,0.9517691017233483,0.45454545454545453,0.5000000000000002,0.9020213814072215
859.0,0.8543271239647796,0.26315789473684215,0.5530864197530863,0.17647058823529413,0.5782608695652175,0.6190476190476191,0.2727272727272727,0.42187500000000017,0.9517691017233483,0.45454545454545453,0.5000000000000002,0.8980301363567469
877.0,0.8543271239647796,0.26315789473684215,0.5530864197530863,0.17647058823529413,0.5782608695652175,0.6190476190476191,0.2727272727272727,0.42187500000000017,0.9517691017233483,0.45454545454545453,0.5000000000000002,0.8980301363567469
890.0,0.850596437833929,0.26315789473684215,0.5135802469135802,0.17647058823529413,0.5478260869565219,0.5714285714285714,0.2727272727272727,0.42187500000000017,0.9517691017233483,0.45454545454545453,0.4375000000000002,0.8940210732480117
901.0,0.850596437833929,0.26315789473684215,0.5135802469135802,0.17647058823529413,0.5478260869565219,0.5714285714285714,0.2727272727272727,0.42187500000000017,0.9517691017233483,0.45454545454545453,0.4375000000000002,0.8940210732480117
904.0,0.8468493169624141,0.26315789473684215,0.5135802469135802,0.17647058823529413,0.5478260869565219,0.5714285714285714,0.2727272727272727,0.42187500000000017,0.9457068781454929,0.45454545454545453,0.4375000000000002,0.8899939512964439
930.0,0.8431021960908986,0.26315789473684215,0.5135802469135802,0.17647058823529413,0.5478260869565219,0.5238095238095238,0.2727272727272727,0.42187500000000017,0.9457068781454929,0.40909090909090906,0.4375000000000002,0.885966829344877
939.0,0.8431021960908986,0.26315789473684215,0.5135802469135802,0.17647058823529413,0.5478260869565219,0.5238095238095238,0.2727272727272727,0.42187500000000017,0.9457068781454929,0.40909090909090906,0.4375000000000002,0.885966829344877
943.0,0.8393383470012075,0.26315789473684215,0.5135802469135802,0.17647058823529413,0.5478260869565219,0.5238095238095238,0.2727272727272727,0.42187500000000017,0.9457068781454929,0.40909090909090906,0.4375000000000002,0.8819213187085988
974.0,0.8355744979115157,0.26315789473684215,0.5135802469135802,0.17647058823529413,0.5478260869565219,0.5238095238095238,0.18181818181818182,0.42187500000000017,0.9457068781454929,0.40909090909090906,0.4375000000000002,0.877875808072321
980.0,0.8318106488218241,0.26315789473684215,0.5135802469135802,0.17647058823529413,0.5478260869565219,0.5238095238095238,0.18181818181818182,0.42187500000000017,0.9457068781454929,0.40909090909090906,0.4375000000000002,0.8738302974360432
994.0,0.8318106488218241,0.26315789473684215,0.5135802469135802,0.17647058823529413,0.5478260869565219,0.5238095238095238,0.18181818181818182,0.42187500000000017,0.9457068781454929,0.40909090909090906,0.4375000000000002,0.8738302974360432
999.0,0.8280296913271792,0.26315789473684215,0.5135802469135802,0.17647058823529413,0.5478260869565219,0.5238095238095238,0.18181818181818182,0.42187500000000017,0.9457068781454929,0.40909090909090906,0.4375000000000002,0.8697659704712245
1012.0,0.8242487338325343,0.26315789473684215,0.5135802469135802,0.17647058823529413,0.5173913043478263,0.4761904761904763,0.18181818181818182,0.42187500000000017,0.9457068781454929,0.40909090909090906,0.37500000000000017,0.8657016435064062
1030.0,0.8242487338325343,0.26315789473684215,0.5135802469135802,0.17647058823529413,0.5173913043478263,0.4761904761904763,0.18181818181818182,0.42187500000000017,0.9457068781454929,0.40909090909090906,0.37500000000000017,0.8657016435064062
1067.0,0.8242487338325343,0.26315789473684215,0.5135802469135802,0.17647058823529413,0.5173913043478263,0.4761904761904763,0.18181818181818182,0.42187500000000017,0.9457068781454929,0.40909090909090906,0.37500000000000017,0.8657016435064062
1077.0,0.820432767472198,0.26315789473684215,0.5135802469135802,0.17647058823529413,0.5173913043478263,0.4761904761904763,0.18181818181818182,0.42187500000000017,0.9395659243913009,0.40909090909090906,0.37500000000000017,0.8615987921153803
1080.0,0.8166168011118622,0.26315789473684215,0.5135802469135802,0.17647058823529413,0.5173913043478263,0.4761904761904763,0.18181818181818182,0.42187500000000017,0.9395659243913009,0.40909090909090906,0.37500000000000017,0.8574959407243548
1083.0,0.8128008347515269,0.26315789473684215,0.5135802469135802,0.17647058823529413,0.5173913043478263,0.4761904761904763,0.18181818181818182,0.42187500000000017,0.9395659243913009,0.3636363636363635,0.37500000000000017,0.8533930893333291
1084.0,0.8128008347515269,0.26315789473684215,0.5135802469135802,0.17647058823529413,0.5173913043478263,0.4761904761904763,0.18181818181818182,0.42187500000000017,0.9395659243913009,0.3636363636363635,0.37500000000000017,0.8533930893333291
1149.0,0.8128008347515269,0.26315789473684215,0.5135802469135802,0.17647058823529413,0.5173913043478263,0.4761904761904763,0.18181818181818182,0.42187500000000017,0.9395659243913009,0.3636363636363635,0.37500000000000017,0.8533930893333291
1152.0,0.8089486980939364,0.26315789473684215,0.47407407407407404,0.17647058823529413,0.48695652173913057,0.42857142857142866,0.18181818181818182,0.3515625000000001,0.9395659243913009,0.3636363636363635,0.37500000000000017,0.8492504044336529
1153.0,0.8089486980939364,0.26315789473684215,0.47407407407407404,0.17647058823529413,0.48695652173913057,0.42857142857142866,0.18181818181818182,0.3515625000000001,0.9395659243913009,0.3636363636363635,0.37500000000000017,0.8492504044336529
1165.0,0.8050781301604726,0.26315789473684215,0.47407407407407404,0.17647058823529413,0.48695652173913057,0.42857142857142866,0.18181818181818182,0.3515625000000001,0.9395659243913009,0.3636363636363635,0.37500000000000017,0.8450874122550567
1170.0,0.8012075622270086,0.26315789473684215,0.47407407407407404,0.17647058823529413,0.48695652173913057,0.42857142857142866,0.18181818181818182,0.3515625000000001,0.9395659243913009,0.3636363636363635,0.37500000000000017,0.8409244200764607
1191.0,0.7934664263600815,0.1578947368421053,0.4345679012345679,0.17647058823529413,0.456521739130435,0.42857142857142866,0.18181818181818182,0.2812500000000001,0.9333436335012921,0.31818181818181807,0.3125000000000001,0.8409244200764607
1212.0,0.7895958584266172,0.1578947368421053,0.4345679012345679,0.17647058823529413,0.456521739130435,0.42857142857142866,0.18181818181818182,0.2812500000000001,0.9271213426112838,0.31818181818181807,0.3125000000000001,0.8367614278978641
1216.0,0.7895958584266172,0.1578947368421053,0.4345679012345679,0.17647058823529413,0.456521739130435,0.42857142857142866,0.18181818181818182,0.2812500000000001,0.9271213426112838,0.31818181818181807,0.3125000000000001,0.8367614278978641
1230.0,0.7895958584266172,0.1578947368421053,0.4345679012345679,0.17647058823529413,0.456521739130435,0.42857142857142866,0.18181818181818182,0.2812500000000001,0.9271213426112838,0.31818181818181807,0.3125000000000001,0.8367614278978641
1234.0,0.7895958584266172,0.1578947368421053,0.4345679012345679,0.17647058823529413,0.456521739130435,0.42857142857142866,0.18181818181818182,0.2812500000000001,0.9271213426112838,0.31818181818181807,0.3125000000000001,0.8367614278978641
1235.0,0.7856478791344843,0.1578947368421053,0.4345679012345679,0.17647058823529413,0.456521739130435,0.42857142857142866,0.18181818181818182,0.2812500000000001,0.9271213426112838,0.31818181818181807,0.3125000000000001,0.8325139079592959
1250.0,0.7856478791344843,0.1578947368421053,0.4345679012345679,0.17647058823529413,0.456521739130435,0.42857142857142866,0.18181818181818182,0.2812500000000001,0.9271213426112838,0.31818181818181807,0.3125000000000001,0.8325139079592959
1271.0,0.7856478791344843,0.1578947368421053,0.4345679012345679,0.17647058823529413,0.456521739130435,0.42857142857142866,0.18181818181818182,0.2812500000000001,0.9271213426112838,0.31818181818181807,0.3125000000000001,0.8325139079592959
1293.0,0.7856478791344843,0.1578947368421053,0.4345679012345679,0.17647058823529413,0.456521739130435,0.42857142857142866,0.18181818181818182,0.2812500000000001,0.9271213426112838,0.31818181818181807,0.3125000000000001,0.8325139079592959
1295.0,0.7856478791344843,0.1578947368421053,0.4345679012345679,0.17647058823529413,0.456521739130435,0.42857142857142866,0.18181818181818182,0.2812500000000001,0.9271213426112838,0.31818181818181807,0.3125000000000001,0.8325139079592959
1297.0,0.7816189156517434,0.1578947368421053,0.39506172839506176,0.17647058823529413,0.4260869565217392,0.42857142857142866,0.18181818181818182,0.2109375000000001,0.9271213426112838,0.31818181818181807,0.3125000000000001,0.828177898022008
1300.0,0.7816189156517434,0.1578947368421053,0.39506172839506176,0.17647058823529413,0.4260869565217392,0.42857142857142866,0.18181818181818182,0.2109375000000001,0.9271213426112838,0.31818181818181807,0.3125000000000001,0.828177898022008
1301.0,0.7816189156517434,0.1578947368421053,0.39506172839506176,0.17647058823529413,0.4260869565217392,0.42857142857142866,0.18181818181818182,0.2109375000000001,0.9271213426112838,0.31818181818181807,0.3125000000000001,0.828177898022008
1302.0,0.7816189156517434,0.1578947368421053,0.39506172839506176,0.17647058823529413,0.4260869565217392,0.42857142857142866,0.18181818181818182,0.2109375000000001,0.9271213426112838,0.31818181818181807,0.3125000000000001,0.828177898022008
1320.0,0.7816189156517434,0.1578947368421053,0.39506172839506176,0.17647058823529413,0.4260869565217392,0.42857142857142866,0.18181818181818182,0.2109375000000001,0.9271213426112838,0.31818181818181807,0.3125000000000001,0.828177898022008
1321.0,0.7816189156517434,0.1578947368421053,0.39506172839506176,0.17647058823529413,0.4260869565217392,0.42857142857142866,0.18181818181818182,0.2109375000000001,0.9271213426112838,0.31818181818181807,0.3125000000000001,0.828177898022008
1329.0,0.7816189156517434,0.1578947368421053,0.39506172839506176,0.17647058823529413,0.4260869565217392,0.42857142857142866,0.18181818181818182,0.2109375000000001,0.9271213426112838,0.31818181818181807,0.3125000000000001,0.828177898022008
1349.0,0.7816189156517434,0.1578947368421053,0.39506172839506176,0.17647058823529413,0.4260869565217392,0.42857142857142866,0.18181818181818182,0.2109375000000001,0.9271213426112838,0.31818181818181807,0.3125000000000001,0.828177898022008
1356.0,0.7774391353541407,0.1578947368421053,0.39506172839506176,0.17647058823529413,0.4260869565217392,0.42857142857142866,0.18181818181818182,0.2109375000000001,0.9271213426112838,0.31818181818181807,0.3125000000000001,0.823676931184932
1360.0,0.7732593550565371,0.1578947368421053,0.39506172839506176,0.17647058823529413,0.4260869565217392,0.3809523809523809,0.18181818181818182,0.2109375000000001,0.9271213426112838,0.31818181818181807,0.3125000000000001,0.8191759643478553
1363.0,0.7732593550565371,0.1578947368421053,0.39506172839506176,0.17647058823529413,0.4260869565217392,0.3809523809523809,0.18181818181818182,0.2109375000000001,0.9271213426112838,0.31818181818181807,0.3125000000000001,0.8191759643478553
1401.0,0.7732593550565371,0.1578947368421053,0.39506172839506176,0.17647058823529413,0.4260869565217392,0.3809523809523809,0.18181818181818182,0.2109375000000001,0.9271213426112838,0.31818181818181807,0.3125000000000001,0.8191759643478553
1408.0,0.7732593550565371,0.1578947368421053,0.39506172839506176,0.17647058823529413,0.4260869565217392,0.3809523809523809,0.18181818181818182,0.2109375000000001,0.9271213426112838,0.31818181818181807,0.3125000000000001,0.8191759643478553
1412.0,0.7732593550565371,0.1578947368421053,0.39506172839506176,0.17647058823529413,0.4260869565217392,0.3809523809523809,0.18181818181818182,0.2109375000000001,0.9271213426112838,0.31818181818181807,0.3125000000000001,0.8191759643478553
1413.0,0.7689634697506673,0.1578947368421053,0.35116598079561034,0.17647058823529413,0.39331103678929774,0.3809523809523809,0.18181818181818182,0.14062500000000008,0.9271213426112838,0.31818181818181807,0.3125000000000001,0.8145478515549296
1418.0,0.7689634697506673,0.1578947368421053,0.35116598079561034,0.17647058823529413,0.39331103678929774,0.3809523809523809,0.18181818181818182,0.14062500000000008,0.9271213426112838,0.31818181818181807,0.3125000000000001,0.8145478515549296
1420.0,0.7689634697506673,0.1578947368421053,0.35116598079561034,0.17647058823529413,0.39331103678929774,0.3809523809523809,0.18181818181818182,0.14062500000000008,0.9271213426112838,0.31818181818181807,0.3125000000000001,0.8145478515549296
1427.0,0.7646190433678951,0.1578947368421053,0.3072702331961591,0.17647058823529413,0.3605351170568563,0.3809523809523809,0.18181818181818182,0.07031250000000003,0.9271213426112838,0.31818181818181807,0.3125000000000001,0.8098665420632347
1433.0,0.7646190433678951,0.1578947368421053,0.3072702331961591,0.17647058823529413,0.3605351170568563,0.3809523809523809,0.18181818181818182,0.07031250000000003,0.9271213426112838,0.31818181818181807,0.3125000000000001,0.8098665420632347
1434.0,0.760249791691507,0.10526315789473688,0.2633744855967078,0.08823529411764706,0.32775919732441483,0.3809523809523809,0.18181818181818182,0.07031250000000003,0.9271213426112838,0.31818181818181807,0.23437500000000014,0.8098665420632347
1435.0,0.760249791691507,0.10526315789473688,0.2633744855967078,0.08823529411764706,0.32775919732441483,0.3809523809523809,0.18181818181818182,0.07031250000000003,0.9271213426112838,0.31818181818181807,0.23437500000000014,0.8098665420632347
1444.0,0.7558297347630685,0.10526315789473688,0.2633744855967078,0.08823529411764706,0.32775919732441483,0.3809523809523809,0.18181818181818182,0.07031250000000003,0.9200440804539458,0.31818181818181807,0.23437500000000014,0.8051026212275685
1455.0,0.7558297347630685,0.10526315789473688,0.2633744855967078,0.08823529411764706,0.32775919732441483,0.3809523809523809,0.18181818181818182,0.07031250000000003,0.9200440804539458,0.31818181818181807,0.23437500000000014,0.8051026212275685
1457.0,0.7558297347630685,0.10526315789473688,0.2633744855967078,0.08823529411764706,0.32775919732441483,0.3809523809523809,0.18181818181818182,0.07031250000000003,0.9200440804539458,0.31818181818181807,0.23437500000000014,0.8051026212275685
1481.0,0.7558297347630685,0.10526315789473688,0.2633744855967078,0.08823529411764706,0.32775919732441483,0.3809523809523809,0.18181818181818182,0.07031250000000003,0.9200440804539458,0.31818181818181807,0.23437500000000014,0.8051026212275685
1487.0,0.751330748246622,0.10526315789473688,0.2633744855967078,0.08823529411764706,0.32775919732441483,0.3809523809523809,0.18181818181818182,0.07031250000000003,0.9128562360753996,0.31818181818181807,0.23437500000000014,0.8002526054370404
1504.0,0.751330748246622,0.10526315789473688,0.2633744855967078,0.08823529411764706,0.32775919732441483,0.3809523809523809,0.18181818181818182,0.07031250000000003,0.9128562360753996,0.31818181818181807,0.23437500000000014,0.8002526054370404
1525.0,0.751330748246622,0.10526315789473688,0.2633744855967078,0.08823529411764706,0.32775919732441483,0.3809523809523809,0.18181818181818182,0.07031250000000003,0.9128562360753996,0.31818181818181807,0.23437500000000014,0.8002526054370404
1536.0,0.7467772285602793,0.10526315789473688,0.2633744855967078,0.08823529411764706,0.29498327759197335,0.3809523809523809,0.18181818181818182,0.07031250000000003,0.9128562360753996,0.31818181818181807,0.23437500000000014,0.7953430802503096
1542.0,0.7467772285602793,0.10526315789473688,0.2633744855967078,0.08823529411764706,0.29498327759197335,0.3809523809523809,0.18181818181818182,0.07031250000000003,0.9128562360753996,0.31818181818181807,0.23437500000000014,0.7953430802503096
1558.0,0.7467772285602793,0.10526315789473688,0.2633744855967078,0.08823529411764706,0.29498327759197335,0.3809523809523809,0.18181818181818182,0.07031250000000003,0.9128562360753996,0.31818181818181807,0.23437500000000014,0.7953430802503096
1568.0,0.7467772285602793,0.10526315789473688,0.2633744855967078,0.08823529411764706,0.29498327759197335,0.3809523809523809,0.18181818181818182,0.07031250000000003,0.9128562360753996,0.31818181818181807,0.23437500000000014,0.7953430802503096
1569.0,0.7467772285602793,0.10526315789473688,0.2633744855967078,0.08823529411764706,0.29498327759197335,0.3809523809523809,0.18181818181818182,0.07031250000000003,0.9128562360753996,0.31818181818181807,0.23437500000000014,0.7953430802503096
1576.0,0.7421098708817778,0.10526315789473688,0.2633744855967078,0.08823529411764706,0.29498327759197335,0.3265306122448979,0.18181818181818182,0.07031250000000003,0.9055533861867961,0.31818181818181807,0.23437500000000014,0.7903092632866997
1592.0,0.7421098708817778,0.10526315789473688,0.2633744855967078,0.08823529411764706,0.29498327759197335,0.3265306122448979,0.18181818181818182,0.07031250000000003,0.9055533861867961,0.31818181818181807,0.23437500000000014,0.7903092632866997
1614.0,0.7421098708817778,0.10526315789473688,0.2633744855967078,0.08823529411764706,0.29498327759197335,0.3265306122448979,0.18181818181818182,0.07031250000000003,0.9055533861867961,0.31818181818181807,0.23437500000000014,0.7903092632866997
1615.0,0.7421098708817778,0.10526315789473688,0.2633744855967078,0.08823529411764706,0.29498327759197335,0.3265306122448979,0.18181818181818182,0.07031250000000003,0.9055533861867961,0.31818181818181807,0.23437500000000014,0.7903092632866997
1656.0,0.7421098708817778,0.10526315789473688,0.2633744855967078,0.08823529411764706,0.29498327759197335,0.3265306122448979,0.18181818181818182,0.07031250000000003,0.9055533861867961,0.31818181818181807,0.23437500000000014,0.7903092632866997
1657.0,0.7372909756163113,0.10526315789473688,0.2633744855967078,0.08823529411764706,0.29498327759197335,0.3265306122448979,0.18181818181818182,0.07031250000000003,0.8980071079685733,0.31818181818181807,0.23437500000000014,0.7851098602387608
1666.0,0.7372909756163113,0.10526315789473688,0.2633744855967078,0.08823529411764706,0.29498327759197335,0.3265306122448979,0.18181818181818182,0.07031250000000003,0.8980071079685733,0.31818181818181807,0.23437500000000014,0.7851098602387608
1682.0,0.7324403770925197,0.10526315789473688,0.19753086419753085,0.08823529411764706,0.2528428093645486,0.3265306122448979,0.18181818181818182,0.07031250000000003,0.8980071079685733,0.31818181818181807,0.11718750000000008,0.779875794503836
1690.0,0.7227391800449368,0.10526315789473688,0.19753086419753085,0.08823529411764706,0.2528428093645486,0.3265306122448979,0.18181818181818182,0.07031250000000003,0.8903968782400259,0.25454545454545446,0.11718750000000008,0.7694076630339856
1701.0,0.7227391800449368,0.10526315789473688,0.19753086419753085,0.08823529411764706,0.2528428093645486,0.3265306122448979,0.18181818181818182,0.07031250000000003,0.8903968782400259,0.25454545454545446,0.11718750000000008,0.7694076630339856
1702.0,0.7227391800449368,0.10526315789473688,0.19753086419753085,0.08823529411764706,0.2528428093645486,0.3265306122448979,0.18181818181818182,0.07031250000000003,0.8903968782400259,0.25454545454545446,0.11718750000000008,0.7694076630339856
1735.0,0.7227391800449368,0.10526315789473688,0.19753086419753085,0.08823529411764706,0.2528428093645486,0.3265306122448979,0.18181818181818182,0.07031250000000003,0.8903968782400259,0.25454545454545446,0.11718750000000008,0.7694076630339856
1741.0,0.7177889116884645,0.10526315789473688,0.19753086419753085,0.08823529411764706,0.2528428093645486,0.3265306122448979,0.18181818181818182,0.07031250000000003,0.8825863793080959,0.25454545454545446,0.11718750000000008,0.764064554262916
1765.0,0.7177889116884645,0.10526315789473688,0.19753086419753085,0.08823529411764706,0.2528428093645486,0.3265306122448979,0.18181818181818182,0.07031250000000003,0.8825863793080959,0.25454545454545446,0.11718750000000008,0.764064554262916
1769.0,0.7177889116884645,0.10526315789473688,0.19753086419753085,0.08823529411764706,0.2528428093645486,0.3265306122448979,0.18181818181818182,0.07031250000000003,0.8825863793080959,0.25454545454545446,0.11718750000000008,0.764064554262916
1770.0,0.7177889116884645,0.10526315789473688,0.19753086419753085,0.08823529411764706,0.2528428093645486,0.3265306122448979,0.18181818181818182,0.07031250000000003,0.8825863793080959,0.25454545454545446,0.11718750000000008,0.764064554262916
1776.0,0.7177889116884645,0.10526315789473688,0.19753086419753085,0.08823529411764706,0.2528428093645486,0.3265306122448979,0.18181818181818182,0.07031250000000003,0.8825863793080959,0.25454545454545446,0.11718750000000008,0.764064554262916
1783.0,0.7177889116884645,0.10526315789473688,0.19753086419753085,0.08823529411764706,0.2528428093645486,0.3265306122448979,0.18181818181818182,0.07031250000000003,0.8825863793080959,0.25454545454545446,0.11718750000000008,0.764064554262916
1785.0,0.7177889116884645,0.10526315789473688,0.19753086419753085,0.08823529411764706,0.2528428093645486,0.3265306122448979,0.18181818181818182,0.07031250000000003,0.8825863793080959,0.25454545454545446,0.11718750000000008,0.764064554262916
1786.0,0.7126249626835119,0.10526315789473688,0.19753086419753085,0.08823529411764706,0.2528428093645486,0.21768707482993194,0.18181818181818182,0.07031250000000003,0.8744892565621505,0.25454545454545446,0.11718750000000008,0.7585278545943439
1790.0,0.7126249626835119,0.10526315789473688,0.19753086419753085,0.08823529411764706,0.2528428093645486,0.21768707482993194,0.18181818181818182,0.07031250000000003,0.8744892565621505,0.25454545454545446,0.11718750000000008,0.7585278545943439
1810.0,0.7126249626835119,0.10526315789473688,0.19753086419753085,0.08823529411764706,0.2528428093645486,0.21768707482993194,0.18181818181818182,0.07031250000000003,0.8744892565621505,0.25454545454545446,0.11718750000000008,0.7585278545943439
1827.0,0.7073850732520155,0.10526315789473688,0.13168724279835387,0.08823529411764706,0.21070234113712383,0.21768707482993194,0.18181818181818182,0.07031250000000003,0.8744892565621505,0.25454545454545446,0.0,0.7529091297454966
1831.0,0.7073850732520155,0.10526315789473688,0.13168724279835387,0.08823529411764706,0.21070234113712383,0.21768707482993194,0.18181818181818182,0.07031250000000003,0.8744892565621505,0.25454545454545446,0.0,0.7529091297454966
1832.0,0.7073850732520155,0.10526315789473688,0.13168724279835387,0.08823529411764706,0.21070234113712383,0.21768707482993194,0.18181818181818182,0.07031250000000003,0.8744892565621505,0.25454545454545446,0.0,0.7529091297454966
1847.0,0.702066388490722,0.10526315789473688,0.13168724279835387,0.08823529411764706,0.21070234113712383,0.21768707482993194,0.18181818181818182,0.07031250000000003,0.8744892565621505,0.25454545454545446,0.0,0.74720527270197
1882.0,0.702066388490722,0.10526315789473688,0.13168724279835387,0.08823529411764706,0.21070234113712383,0.21768707482993194,0.18181818181818182,0.07031250000000003,0.8744892565621505,0.25454545454545446,0.0,0.74720527270197
1908.0,0.702066388490722,0.10526315789473688,0.13168724279835387,0.08823529411764706,0.21070234113712383,0.21768707482993194,0.18181818181818182,0.07031250000000003,0.8744892565621505,0.25454545454545446,0.0,0.74720527270197
1925.0,0.6966240133861427,0.10526315789473688,0.13168724279835387,0.08823529411764706,0.21070234113712383,0.21768707482993194,0.18181818181818182,0.07031250000000003,0.8659158324782084,0.25454545454545446,0.0,0.741367731508986
1932.0,0.6966240133861427,0.10526315789473688,0.13168724279835387,0.08823529411764706,0.21070234113712383,0.21768707482993194,0.18181818181818182,0.07031250000000003,0.8659158324782084,0.25454545454545446,0.0,0.741367731508986
1945.0,0.6966240133861427,0.10526315789473688,0.13168724279835387,0.08823529411764706,0.21070234113712383,0.21768707482993194,0.18181818181818182,0.07031250000000003,0.8659158324782084,0.25454545454545446,0.0,0.741367731508986
1951.0,0.6966240133861427,0.10526315789473688,0.13168724279835387,0.08823529411764706,0.21070234113712383,0.21768707482993194,0.18181818181818182,0.07031250000000003,0.8659158324782084,0.25454545454545446,0.0,0.741367731508986
1967.0,0.6966240133861427,0.10526315789473688,0.13168724279835387,0.08823529411764706,0.21070234113712383,0.21768707482993194,0.18181818181818182,0.07031250000000003,0.8659158324782084,0.25454545454545446,0.0,0.741367731508986
1978.0,0.6966240133861427,0.10526315789473688,0.13168724279835387,0.08823529411764706,0.21070234113712383,0.21768707482993194,0.18181818181818182,0.07031250000000003,0.8659158324782084,0.25454545454545446,0.0,0.741367731508986
1979.0,0.6966240133861427,0.10526315789473688,0.13168724279835387,0.08823529411764706,0.21070234113712383,0.21768707482993194,0.18181818181818182,0.07031250000000003,0.8659158324782084,0.25454545454545446,0.0,0.741367731508986
2022.0,0.6966240133861427,0.10526315789473688,0.13168724279835387,0.08823529411764706,0.21070234113712383,0.21768707482993194,0.18181818181818182,0.07031250000000003,0.8659158324782084,0.25454545454545446,0.0,0.741367731508986
2033.0,0.6966240133861427,0.10526315789473688,0.13168724279835387,0.08823529411764706,0.21070234113712383,0.21768707482993194,0.18181818181818182,0.07031250000000003,0.8659158324782084,0.25454545454545446,0.0,0.741367731508986
2050.0,0.6966240133861427,0.10526315789473688,0.13168724279835387,0.08823529411764706,0.21070234113712383,0.21768707482993194,0.18181818181818182,0.07031250000000003,0.8659158324782084,0.25454545454545446,0.0,0.741367731508986
2055.0,0.6907700300803769,0.10526315789473688,0.13168724279835387,0.08823529411764706,0.21070234113712383,0.21768707482993194,0.18181818181818182,0.07031250000000003,0.8568009289784377,0.25454545454545446,0.0,0.7350849541233165
2090.0,0.6849160467746108,0.10526315789473688,0.13168724279835387,0.08823529411764706,0.21070234113712383,0.21768707482993194,0.18181818181818182,0.07031250000000003,0.8476860254786674,0.25454545454545446,0.0,0.7288021767376469
2105.0,0.6790620634688447,0.10526315789473688,0.13168724279835387,0.08823529411764706,0.21070234113712383,0.21768707482993194,0.18181818181818182,0.07031250000000003,0.8385711219788967,0.25454545454545446,0.0,0.7225193993519777
2106.0,0.6790620634688447,0.10526315789473688,0.13168724279835387,0.08823529411764706,0.21070234113712383,0.21768707482993194,0.18181818181818182,0.07031250000000003,0.8385711219788967,0.25454545454545446,0.0,0.7225193993519777
2157.0,0.6790620634688447,0.10526315789473688,0.13168724279835387,0.08823529411764706,0.21070234113712383,0.21768707482993194,0.18181818181818182,0.07031250000000003,0.8385711219788967,0.25454545454545446,0.0,0.7225193993519777
2176.0,0.6790620634688447,0.10526315789473688,0.13168724279835387,0.08823529411764706,0.21070234113712383,0.21768707482993194,0.18181818181818182,0.07031250000000003,0.8385711219788967,0.25454545454545446,0.0,0.7225193993519777
2178.0,0.6790620634688447,0.10526315789473688,0.13168724279835387,0.08823529411764706,0.21070234113712383,0.21768707482993194,0.18181818181818182,0.07031250000000003,0.8385711219788967,0.25454545454545446,0.0,0.7225193993519777
2216.0,0.6790620634688447,0.10526315789473688,0.13168724279835387,0.08823529411764706,0.21070234113712383,0.21768707482993194,0.18181818181818182,0.07031250000000003,0.8385711219788967,0.25454545454545446,0.0,0.7225193993519777
2221.0,0.6790620634688447,0.10526315789473688,0.13168724279835387,0.08823529411764706,0.21070234113712383,0.21768707482993194,0.18181818181818182,0.07031250000000003,0.8385711219788967,0.25454545454545446,0.0,0.7225193993519777
2224.0,0.6728887719827639,0.10526315789473688,0.13168724279835387,0.08823529411764706,0.21070234113712383,0.21768707482993194,0.18181818181818182,0.07031250000000003,0.8290419046836817,0.25454545454545446,0.0,0.7158907810092994
2241.0,0.6728887719827639,0.10526315789473688,0.13168724279835387,0.08823529411764706,0.21070234113712383,0.21768707482993194,0.18181818181818182,0.07031250000000003,0.8290419046836817,0.25454545454545446,0.0,0.7158907810092994
2255.0,0.6728887719827639,0.10526315789473688,0.13168724279835387,0.08823529411764706,0.21070234113712383,0.21768707482993194,0.18181818181818182,0.07031250000000003,0.8290419046836817,0.25454545454545446,0.0,0.7158907810092994
2256.0,0.6665407646999075,0.10526315789473688,0.13168724279835387,0.08823529411764706,0.21070234113712383,0.21768707482993194,0.18181818181818182,0.07031250000000003,0.8290419046836817,0.25454545454545446,0.0,0.7090727735711156
2272.0,0.6665407646999075,0.10526315789473688,0.13168724279835387,0.08823529411764706,0.21070234113712383,0.21768707482993194,0.18181818181818182,0.07031250000000003,0.8290419046836817,0.25454545454545446,0.0,0.7090727735711156
2288.0,0.6601317188854855,0.10526315789473688,0.13168724279835387,0.08823529411764706,0.21070234113712383,0.21768707482993194,0.18181818181818182,0.07031250000000003,0.8190534480007456,0.25454545454545446,0.0,0.7021885718859588
2294.0,0.6601317188854855,0.10526315789473688,0.13168724279835387,0.08823529411764706,0.21070234113712383,0.21768707482993194,0.18181818181818182,0.07031250000000003,0.8190534480007456,0.25454545454545446,0.0,0.7021885718859588
2297.0,0.6536598392885694,0.10526315789473688,0.13168724279835387,0.08823529411764706,0.21070234113712383,0.21768707482993194,0.18181818181818182,0.07031250000000003,0.8089416770377729,0.12727272727272726,0.0,0.6952362097880782
2301.0,0.6536598392885694,0.10526315789473688,0.13168724279835387,0.08823529411764706,0.21070234113712383,0.21768707482993194,0.18181818181818182,0.07031250000000003,0.8089416770377729,0.12727272727272726,0.0,0.6952362097880782
2318.0,0.6536598392885694,0.10526315789473688,0.13168724279835387,0.08823529411764706,0.21070234113712383,0.21768707482993194,0.18181818181818182,0.07031250000000003,0.8089416770377729,0.12727272727272726,0.0,0.6952362097880782
2330.0,0.6536598392885694,0.10526315789473688,0.13168724279835387,0.08823529411764706,0.21070234113712383,0.21768707482993194,0.18181818181818182,0.07031250000000003,0.8089416770377729,0.12727272727272726,0.0,0.6952362097880782
2332.0,0.6536598392885694,0.10526315789473688,0.13168724279835387,0.08823529411764706,0.21070234113712383,0.21768707482993194,0.18181818181818182,0.07031250000000003,0.8089416770377729,0.12727272727272726,0.0,0.6952362097880782
2350.0,0.6536598392885694,0.10526315789473688,0.13168724279835387,0.08823529411764706,0.21070234113712383,0.21768707482993194,0.18181818181818182,0.07031250000000003,0.8089416770377729,0.12727272727272726,0.0,0.6952362097880782
2357.0,0.6536598392885694,0.10526315789473688,0.13168724279835387,0.08823529411764706,0.21070234113712383,0.21768707482993194,0.18181818181818182,0.07031250000000003,0.8089416770377729,0.12727272727272726,0.0,0.6952362097880782
2363.0,0.6536598392885694,0.10526315789473688,0.13168724279835387,0.08823529411764706,0.21070234113712383,0.21768707482993194,0.18181818181818182,0.07031250000000003,0.8089416770377729,0.12727272727272726,0.0,0.6952362097880782
2365.0,0.6536598392885694,0.10526315789473688,0.13168724279835387,0.08823529411764706,0.21070234113712383,0.21768707482993194,0.18181818181818182,0.07031250000000003,0.8089416770377729,0.12727272727272726,0.0,0.6952362097880782
2386.0,0.6466312388661116,0.10526315789473688,0.13168724279835387,0.08823529411764706,0.21070234113712383,0.21768707482993194,0.18181818181818182,0.07031250000000003,0.8089416770377729,0.12727272727272726,0.0,0.6876792944642944
2400.0,0.6396026384436535,0.10526315789473688,0.13168724279835387,0.08823529411764706,0.21070234113712383,0.21768707482993194,0.18181818181818182,0.07031250000000003,0.7978602842016391,0.12727272727272726,0.0,0.6801223791405112
2419.0,0.6325740380211959,0.10526315789473688,0.13168724279835387,0.08823529411764706,0.21070234113712383,0.21768707482993194,0.18181818181818182,0.07031250000000003,0.7867788913655053,0.12727272727272726,0.0,0.6725654638167277
2443.0,0.6325740380211959,0.10526315789473688,0.13168724279835387,0.08823529411764706,0.21070234113712383,0.21768707482993194,0.18181818181818182,0.07031250000000003,0.7867788913655053,0.12727272727272726,0.0,0.6725654638167277
2449.0,0.6325740380211959,0.10526315789473688,0.13168724279835387,0.08823529411764706,0.21070234113712383,0.21768707482993194,0.18181818181818182,0.07031250000000003,0.7867788913655053,0.12727272727272726,0.0,0.6725654638167277
2452.0,0.6325740380211959,0.10526315789473688,0.13168724279835387,0.08823529411764706,0.21070234113712383,0.21768707482993194,0.18181818181818182,0.07031250000000003,0.7867788913655053,0.12727272727272726,0.0,0.6725654638167277
2456.0,0.6325740380211959,0.10526315789473688,0.13168724279835387,0.08823529411764706,0.21070234113712383,0.21768707482993194,0.18181818181818182,0.07031250000000003,0.7867788913655053,0.12727272727272726,0.0,0.6725654638167277
2466.0,0.6252185259511824,0.10526315789473688,0.13168724279835387,0.08823529411764706,0.21070234113712383,0.21768707482993194,0.18181818181818182,0.07031250000000003,0.7750359228376619,0.12727272727272726,0.0,0.6646529289482952
2468.0,0.6252185259511824,0.10526315789473688,0.13168724279835387,0.08823529411764706,0.21070234113712383,0.21768707482993194,0.18181818181818182,0.07031250000000003,0.7750359228376619,0.12727272727272726,0.0,0.6646529289482952
2475.0,0.6252185259511824,0.10526315789473688,0.13168724279835387,0.08823529411764706,0.21070234113712383,0.21768707482993194,0.18181818181818182,0.07031250000000003,0.7750359228376619,0.12727272727272726,0.0,0.6646529289482952
2504.0,0.6252185259511824,0.10526315789473688,0.13168724279835387,0.08823529411764706,0.21070234113712383,0.21768707482993194,0.18181818181818182,0.07031250000000003,0.7750359228376619,0.12727272727272726,0.0,0.6646529289482952
2527.0,0.6252185259511824,0.10526315789473688,0.13168724279835387,0.08823529411764706,0.21070234113712383,0.21768707482993194,0.18181818181818182,0.07031250000000003,0.7750359228376619,0.12727272727272726,0.0,0.6646529289482952
2540.0,0.6174997787172167,0.10526315789473688,0.13168724279835387,0.08823529411764706,0.21070234113712383,0.21768707482993194,0.0,0.07031250000000003,0.7625353434370544,0.12727272727272726,0.0,0.6563447673364418
2556.0,0.6174997787172167,0.10526315789473688,0.13168724279835387,0.08823529411764706,0.21070234113712383,0.21768707482993194,0.0,0.07031250000000003,0.7625353434370544,0.12727272727272726,0.0,0.6563447673364418
2563.0,0.6174997787172167,0.10526315789473688,0.13168724279835387,0.08823529411764706,0.21070234113712383,0.21768707482993194,0.0,0.07031250000000003,0.7625353434370544,0.12727272727272726,0.0,0.6563447673364418
2573.0,0.6174997787172167,0.10526315789473688,0.13168724279835387,0.08823529411764706,0.21070234113712383,0.21768707482993194,0.0,0.07031250000000003,0.7625353434370544,0.12727272727272726,0.0,0.6563447673364418
2576.0,0.6174997787172167,0.10526315789473688,0.13168724279835387,0.08823529411764706,0.21070234113712383,0.21768707482993194,0.0,0.07031250000000003,0.7625353434370544,0.12727272727272726,0.0,0.6563447673364418
2583.0,0.6093747816288322,0.10526315789473688,0.13168724279835387,0.08823529411764706,0.21070234113712383,0.21768707482993194,0.0,0.07031250000000003,0.7491575303942993,0.12727272727272726,0.0,0.6475935037719565
2598.0,0.6012497845404482,0.10526315789473688,0.13168724279835387,0.08823529411764706,0.21070234113712383,0.21768707482993194,0.0,0.07031250000000003,0.7357797173515438,0.12727272727272726,0.0,0.6388422402074702
2609.0,0.6012497845404482,0.10526315789473688,0.13168724279835387,0.08823529411764706,0.21070234113712383,0.21768707482993194,0.0,0.07031250000000003,0.7357797173515438,0.12727272727272726,0.0,0.6388422402074702
2624.0,0.6012497845404482,0.10526315789473688,0.13168724279835387,0.08823529411764706,0.21070234113712383,0.21768707482993194,0.0,0.07031250000000003,0.7357797173515438,0.12727272727272726,0.0,0.6388422402074702
2657.0,0.6012497845404482,0.10526315789473688,0.13168724279835387,0.08823529411764706,0.21070234113712383,0.21768707482993194,0.0,0.07031250000000003,0.7357797173515438,0.12727272727272726,0.0,0.6388422402074702
2666.0,0.6012497845404482,0.10526315789473688,0.13168724279835387,0.08823529411764706,0.21070234113712383,0.21768707482993194,0.0,0.07031250000000003,0.7357797173515438,0.12727272727272726,0.0,0.6388422402074702
2689.0,0.592660501904156,0.10526315789473688,0.13168724279835387,0.08823529411764706,0.21070234113712383,0.21768707482993194,0.0,0.07031250000000003,0.7357797173515438,0.12727272727272726,0.0,0.6295836570160575
2692.0,0.592660501904156,0.10526315789473688,0.13168724279835387,0.08823529411764706,0.21070234113712383,0.21768707482993194,0.0,0.07031250000000003,0.7357797173515438,0.12727272727272726,0.0,0.6295836570160575
2721.0,0.592660501904156,0.10526315789473688,0.13168724279835387,0.08823529411764706,0.21070234113712383,0.21768707482993194,0.0,0.07031250000000003,0.7357797173515438,0.12727272727272726,0.0,0.6295836570160575
2769.0,0.5838148227712582,0.10526315789473688,0.13168724279835387,0.08823529411764706,0.21070234113712383,0.21768707482993194,0.0,0.07031250000000003,0.721064123004513,0.12727272727272726,0.0,0.6200445106976324
2772.0,0.5838148227712582,0.10526315789473688,0.13168724279835387,0.08823529411764706,0.21070234113712383,0.21768707482993194,0.0,0.07031250000000003,0.721064123004513,0.12727272727272726,0.0,0.6200445106976324
2796.0,0.5748330562670849,0.10526315789473688,0.13168724279835387,0.08823529411764706,0.21070234113712383,0.21768707482993194,0.0,0.07031250000000003,0.706041953775252,0.12727272727272726,0.0,0.6103563152179821
2797.0,0.5748330562670849,0.10526315789473688,0.13168724279835387,0.08823529411764706,0.21070234113712383,0.21768707482993194,0.0,0.07031250000000003,0.706041953775252,0.12727272727272726,0.0,0.6103563152179821
2835.0,0.5748330562670849,0.10526315789473688,0.13168724279835387,0.08823529411764706,0.21070234113712383,0.21768707482993194,0.0,0.07031250000000003,0.706041953775252,0.12727272727272726,0.0,0.6103563152179821
2847.0,0.5655615553595513,0.10526315789473688,0.13168724279835387,0.08823529411764706,0.1580267558528429,0.21768707482993194,0.0,0.07031250000000003,0.706041953775252,0.12727272727272726,0.0,0.6003504739849002
2863.0,0.5655615553595513,0.10526315789473688,0.13168724279835387,0.08823529411764706,0.1580267558528429,0.21768707482993194,0.0,0.07031250000000003,0.706041953775252,0.12727272727272726,0.0,0.6003504739849002
2870.0,0.5655615553595513,0.10526315789473688,0.13168724279835387,0.08823529411764706,0.1580267558528429,0.21768707482993194,0.0,0.07031250000000003,0.706041953775252,0.12727272727272726,0.0,0.6003504739849002
2944.0,0.5655615553595513,0.10526315789473688,0.13168724279835387,0.08823529411764706,0.1580267558528429,0.21768707482993194,0.0,0.07031250000000003,0.706041953775252,0.12727272727272726,0.0,0.6003504739849002
2976.0,0.5655615553595513,0.10526315789473688,0.13168724279835387,0.08823529411764706,0.1580267558528429,0.21768707482993194,0.0,0.07031250000000003,0.706041953775252,0.12727272727272726,0.0,0.6003504739849002
2990.0,0.5655615553595513,0.10526315789473688,0.13168724279835387,0.08823529411764706,0.1580267558528429,0.21768707482993194,0.0,0.07031250000000003,0.706041953775252,0.12727272727272726,0.0,0.6003504739849002
2995.0,0.5655615553595513,0.10526315789473688,0.13168724279835387,0.08823529411764706,0.1580267558528429,0.21768707482993194,0.0,0.07031250000000003,0.706041953775252,0.12727272727272726,0.0,0.6003504739849002
3050.0,0.5655615553595513,0.10526315789473688,0.13168724279835387,0.08823529411764706,0.1580267558528429,0.21768707482993194,0.0,0.07031250000000003,0.706041953775252,0.12727272727272726,0.0,0.6003504739849002
3059.0,0.5655615553595513,0.10526315789473688,0.13168724279835387,0.08823529411764706,0.1580267558528429,0.21768707482993194,0.0,0.07031250000000003,0.706041953775252,0.12727272727272726,0.0,0.6003504739849002
3069.0,0.5655615553595513,0.10526315789473688,0.13168724279835387,0.08823529411764706,0.1580267558528429,0.21768707482993194,0.0,0.07031250000000003,0.706041953775252,0.12727272727272726,0.0,0.6003504739849002
3086.0,0.5546853716026368,0.10526315789473688,0.13168724279835387,0.08823529411764706,0.1580267558528429,0.21768707482993194,0.0,0.07031250000000003,0.6869597388083533,0.12727272727272726,0.0,0.5885788960636276
3090.0,0.5438091878457223,0.0,0.13168724279835387,0.08823529411764706,0.1580267558528429,0.21768707482993194,0.0,0.07031250000000003,0.6678775238414545,0.0,0.0,0.5885788960636276
3092.0,0.5438091878457223,0.0,0.13168724279835387,0.08823529411764706,0.1580267558528429,0.21768707482993194,0.0,0.07031250000000003,0.6678775238414545,0.0,0.0,0.5885788960636276
3098.0,0.5438091878457223,0.0,0.13168724279835387,0.08823529411764706,0.1580267558528429,0.21768707482993194,0.0,0.07031250000000003,0.6678775238414545,0.0,0.0,0.5885788960636276
3099.0,0.5438091878457223,0.0,0.13168724279835387,0.08823529411764706,0.1580267558528429,0.21768707482993194,0.0,0.07031250000000003,0.6678775238414545,0.0,0.0,0.5885788960636276
3149.0,0.5438091878457223,0.0,0.13168724279835387,0.08823529411764706,0.1580267558528429,0.21768707482993194,0.0,0.07031250000000003,0.6678775238414545,0.0,0.0,0.5885788960636276
3150.0,0.5438091878457223,0.0,0.13168724279835387,0.08823529411764706,0.1580267558528429,0.21768707482993194,0.0,0.07031250000000003,0.6678775238414545,0.0,0.0,0.5885788960636276
3170.0,0.5317245392269284,0.0,0.13168724279835387,0.08823529411764706,0.1580267558528429,0.21768707482993194,0.0,0.07031250000000003,0.6470063512214091,0.0,0.0,0.5754993650399914
3244.0,0.5196398906081346,0.0,0.13168724279835387,0.08823529411764706,0.1580267558528429,0.21768707482993194,0.0,0.07031250000000003,0.6470063512214091,0.0,0.0,0.5624198340163553
3255.0,0.5196398906081346,0.0,0.13168724279835387,0.08823529411764706,0.1580267558528429,0.21768707482993194,0.0,0.07031250000000003,0.6470063512214091,0.0,0.0,0.5624198340163553
3282.0,0.507267512260322,0.0,0.0,0.08823529411764706,0.1053511705685619,0.21768707482993194,0.0,0.07031250000000003,0.6470063512214091,0.0,0.0,0.5490288855873945
3297.0,0.507267512260322,0.0,0.0,0.08823529411764706,0.1053511705685619,0.21768707482993194,0.0,0.07031250000000003,0.6470063512214091,0.0,0.0,0.5490288855873945
3336.0,0.507267512260322,0.0,0.0,0.08823529411764706,0.1053511705685619,0.21768707482993194,0.0,0.07031250000000003,0.6470063512214091,0.0,0.0,0.5490288855873945
3358.0,0.4942606529715957,0.0,0.0,0.08823529411764706,0.1053511705685619,0.21768707482993194,0.0,0.07031250000000003,0.6238989815349303,0.0,0.0,0.5349512218543844
3388.0,0.4942606529715957,0.0,0.0,0.08823529411764706,0.1053511705685619,0.21768707482993194,0.0,0.07031250000000003,0.6238989815349303,0.0,0.0,0.5349512218543844
3395.0,0.4809022569453364,0.0,0.0,0.08823529411764706,0.05267558528428094,0.21768707482993194,0.0,0.07031250000000003,0.6238989815349303,0.0,0.0,0.5204930807231848
3422.0,0.4809022569453364,0.0,0.0,0.08823529411764706,0.05267558528428094,0.21768707482993194,0.0,0.07031250000000003,0.6238989815349303,0.0,0.0,0.5204930807231848
3428.0,0.46716219246118407,0.0,0.0,0.0,0.05267558528428094,0.21768707482993194,0.0,0.07031250000000003,0.6238989815349303,0.0,0.0,0.5056218498453797
3445.0,0.4534221279770315,0.0,0.0,0.0,0.05267558528428094,0.21768707482993194,0.0,0.07031250000000003,0.6238989815349303,0.0,0.0,0.4907506189675743
3574.0,0.4392526864777493,0.0,0.0,0.0,0.05267558528428094,0.0,0.0,0.07031250000000003,0.6238989815349303,0.0,0.0,0.47541466212483763
3577.0,0.4392526864777493,0.0,0.0,0.0,0.05267558528428094,0.0,0.0,0.07031250000000003,0.6238989815349303,0.0,0.0,0.47541466212483763
3581.0,0.4392526864777493,0.0,0.0,0.0,0.05267558528428094,0.0,0.0,0.07031250000000003,0.6238989815349303,0.0,0.0,0.47541466212483763
3584.0,0.42410604211644753,0.0,0.0,0.0,0.05267558528428094,0.0,0.0,0.07031250000000003,0.6238989815349303,0.0,0.0,0.45902105308605
3611.0,0.42410604211644753,0.0,0.0,0.0,0.05267558528428094,0.0,0.0,0.07031250000000003,0.6238989815349303,0.0,0.0,0.45902105308605
3672.0,0.42410604211644753,0.0,0.0,0.0,0.05267558528428094,0.0,0.0,0.07031250000000003,0.6238989815349303,0.0,0.0,0.45902105308605
3707.0,0.42410604211644753,0.0,0.0,0.0,0.05267558528428094,0.0,0.0,0.07031250000000003,0.6238989815349303,0.0,0.0,0.45902105308605
3762.0,0.4071418004317897,0.0,0.0,0.0,0.05267558528428094,0.0,0.0,0.07031250000000003,0.5910621930330919,0.0,0.0,0.44066021096260816
3820.0,0.4071418004317897,0.0,0.0,0.0,0.05267558528428094,0.0,0.0,0.07031250000000003,0.5910621930330919,0.0,0.0,0.44066021096260816
3823.0,0.4071418004317897,0.0,0.0,0.0,0.05267558528428094,0.0,0.0,0.07031250000000003,0.5910621930330919,0.0,0.0,0.44066021096260816
3839.0,0.3886353549576174,0.0,0.0,0.0,0.05267558528428094,0.0,0.0,0.07031250000000003,0.5910621930330919,0.0,0.0,0.4206302013733986
3853.0,0.37012890948344507,0.0,0.0,0.0,0.05267558528428094,0.0,0.0,0.07031250000000003,0.5562938287370276,0.0,0.0,0.4006001917841891
3913.0,0.37012890948344507,0.0,0.0,0.0,0.05267558528428094,0.0,0.0,0.07031250000000003,0.5562938287370276,0.0,0.0,0.4006001917841891
3933.0,0.37012890948344507,0.0,0.0,0.0,0.05267558528428094,0.0,0.0,0.07031250000000003,0.5562938287370276,0.0,0.0,0.4006001917841891
3992.0,0.37012890948344507,0.0,0.0,0.0,0.05267558528428094,0.0,0.0,0.07031250000000003,0.5562938287370276,0.0,0.0,0.4006001917841891
4032.0,0.37012890948344507,0.0,0.0,0.0,0.05267558528428094,0.0,0.0,0.07031250000000003,0.5562938287370276,0.0,0.0,0.4006001917841891
4039.0,0.37012890948344507,0.0,0.0,0.0,0.05267558528428094,0.0,0.0,0.07031250000000003,0.5562938287370276,0.0,0.0,0.4006001917841891
4050.0,0.37012890948344507,0.0,0.0,0.0,0.05267558528428094,0.0,0.0,0.07031250000000003,0.5562938287370276,0.0,0.0,0.4006001917841891
4079.0,0.34369113023462766,0.0,0.0,0.0,0.05267558528428094,0.0,0.0,0.07031250000000003,0.5562938287370276,0.0,0.0,0.3719858923710328
4127.0,0.34369113023462766,0.0,0.0,0.0,0.05267558528428094,0.0,0.0,0.07031250000000003,0.5562938287370276,0.0,0.0,0.3719858923710328
4184.0,0.34369113023462766,0.0,0.0,0.0,0.05267558528428094,0.0,0.0,0.07031250000000003,0.5562938287370276,0.0,0.0,0.3719858923710328
4190.0,0.34369113023462766,0.0,0.0,0.0,0.05267558528428094,0.0,0.0,0.07031250000000003,0.5562938287370276,0.0,0.0,0.3719858923710328
4191.0,0.30932201721116487,0.0,0.0,0.0,0.05267558528428094,0.0,0.0,0.07031250000000003,0.5562938287370276,0.0,0.0,0.3347873031339295
4196.0,0.30932201721116487,0.0,0.0,0.0,0.05267558528428094,0.0,0.0,0.07031250000000003,0.5562938287370276,0.0,0.0,0.3347873031339295
4232.0,0.30932201721116487,0.0,0.0,0.0,0.05267558528428094,0.0,0.0,0.07031250000000003,0.5562938287370276,0.0,0.0,0.3347873031339295
4256.0,0.30932201721116487,0.0,0.0,0.0,0.05267558528428094,0.0,0.0,0.07031250000000003,0.5562938287370276,0.0,0.0,0.3347873031339295
4365.0,0.30932201721116487,0.0,0.0,0.0,0.05267558528428094,0.0,0.0,0.07031250000000003,0.5562938287370276,0.0,0.0,0.3347873031339295
4427.0,0.30932201721116487,0.0,0.0,0.0,0.05267558528428094,0.0,0.0,0.07031250000000003,0.5562938287370276,0.0,0.0,0.3347873031339295
4500.0,0.30932201721116487,0.0,0.0,0.0,0.05267558528428094,0.0,0.0,0.07031250000000003,0.5562938287370276,0.0,0.0,0.3347873031339295
4509.0,0.30932201721116487,0.0,0.0,0.0,0.05267558528428094,0.0,0.0,0.07031250000000003,0.5562938287370276,0.0,0.0,0.3347873031339295
4523.0,0.30932201721116487,0.0,0.0,0.0,0.05267558528428094,0.0,0.0,0.07031250000000003,0.5562938287370276,0.0,0.0,0.3347873031339295
4556.0,0.30932201721116487,0.0,0.0,0.0,0.05267558528428094,0.0,0.0,0.07031250000000003,0.5562938287370276,0.0,0.0,0.3347873031339295
