times,population,R0,R1,R2,R3,R4,R5
0.0,1.0,1.0,1.0,1.0,1.0,1.0,1.0
10.0,1.0,1.0,1.0,1.0,1.0,1.0,1.0
30.0,1.0,1.0,1.0,1.0,1.0,1.0,1.0
35.0,1.0,1.0,1.0,1.0,1.0,1.0,1.0
99.0,1.0,1.0,1.0,1.0,1.0,1.0,1.0
185.0,0.9950248756218902,0.9887640449438208,0.9868421052631576,1.0,1.0,1.0,1.0
204.0,0.990049751243781,0.9775280898876406,0.9736842105263163,1.0,1.0,0.982142857142857,1.0
210.0,0.9850746268656716,0.9662921348314605,0.9605263157894736,0.9444444444444446,1.0,0.964285714285714,1.0
232.0,0.9800995024875622,0.9550561797752813,0.9473684210526316,0.9444444444444446,1.0,0.964285714285714,1.0
279.0,0.9750989948218097,0.9436864633493857,0.9473684210526316,0.9444444444444446,1.0,0.964285714285714,1.0
295.0,0.970098487156057,0.9323167469234893,0.9473684210526316,0.9444444444444446,1.0,0.9460916442048516,1.0
355.0,0.970098487156057,0.9323167469234893,0.9473684210526316,0.9444444444444446,1.0,0.9460916442048516,1.0
386.0,0.9650720701241602,0.9208066636281369,0.9473684210526316,0.9444444444444446,1.0,0.9278975741239888,1.0
426.0,0.9600456530922635,0.9092965803327856,0.9342105263157895,0.9444444444444446,1.0,0.9097035040431263,1.0
469.0,0.9550192360603669,0.8977864970374339,0.9342105263157895,0.9444444444444446,1.0,0.8915094339622637,1.0
493.0,0.9550192360603669,0.8977864970374339,0.9342105263157895,0.9444444444444446,1.0,0.8915094339622637,1.0
529.0,0.9499662242293595,0.8861269321408435,0.9208646616541353,0.9444444444444446,1.0,0.8915094339622637,1.0
621.0,0.9449132123983525,0.8744673672442532,0.9075187969924812,0.9444444444444446,1.0,0.8915094339622637,1.0
629.0,0.9398602005673454,0.8628078023476639,0.8941729323308265,0.888888888888889,1.0,0.8915094339622637,1.0
659.0,0.9348071887363374,0.8511482374510733,0.8808270676691723,0.888888888888889,1.0,0.8915094339622637,1.0
667.0,0.9297541769053308,0.8394886725544833,0.8808270676691723,0.8333333333333335,1.0,0.8915094339622637,1.0
718.0,0.9247011650743238,0.8278291076578933,0.8674812030075183,0.8333333333333335,0.9913793103448278,0.8915094339622637,1.0
752.0,0.919648153243316,0.8161695427613035,0.8541353383458641,0.8333333333333335,0.9913793103448278,0.8733153638814014,1.0
779.0,0.9145951414123091,0.8045099778647135,0.8407894736842102,0.8333333333333335,0.9913793103448278,0.8551212938005386,1.0
793.0,0.9095421295813017,0.7928504129681233,0.8274436090225562,0.8333333333333335,0.9913793103448278,0.8369272237196763,1.0
817.0,0.9044891177502944,0.7928504129681233,0.8274436090225562,0.8333333333333335,0.9827586206896555,0.8369272237196763,0.9910714285714287
826.0,0.9044891177502944,0.7928504129681233,0.8274436090225562,0.8333333333333335,0.9827586206896555,0.8369272237196763,0.9910714285714287
833.0,0.8994077182123712,0.7810168247148678,0.8274436090225562,0.8333333333333335,0.9827586206896555,0.8187331536388136,0.9910714285714287
858.0,0.8943263186744481,0.7810168247148678,0.8274436090225562,0.8333333333333335,0.9827586206896555,0.800539083557951,0.9821428571428579
869.0,0.8892449191365258,0.7810168247148678,0.8274436090225562,0.8333333333333335,0.9827586206896555,0.7823450134770886,0.9732142857142858
872.0,0.8841635195986025,0.7810168247148678,0.8274436090225562,0.8333333333333335,0.9741379310344831,0.7823450134770886,0.9642857142857149
967.0,0.8790821200606798,0.7691832364616122,0.8140977443609021,0.8333333333333335,0.9741379310344831,0.7641509433962261,0.9642857142857149
977.0,0.8740007205227561,0.7573496482083566,0.8007518796992477,0.8333333333333335,0.9655172413793102,0.7641509433962261,0.9642857142857149
982.0,0.8689193209848338,0.7455160599551012,0.8007518796992477,0.8333333333333335,0.9655172413793102,0.7641509433962261,0.9642857142857149
1041.0,0.8638379214469107,0.7455160599551012,0.787406015037594,0.8333333333333335,0.9655172413793102,0.7641509433962261,0.9553571428571429
1055.0,0.8587565219089874,0.7336824717018459,0.787406015037594,0.7738095238095241,0.9655172413793102,0.7459568733153636,0.9553571428571429
1062.0,0.8536751223710642,0.7218488834485902,0.7740601503759394,0.7738095238095241,0.9655172413793102,0.727762803234501,0.9553571428571429
1075.0,0.8485937228331417,0.7100152951953344,0.7607142857142856,0.7738095238095241,0.9655172413793102,0.7095687331536384,0.9553571428571429
1156.0,0.8435123232952187,0.6981817069420791,0.7607142857142856,0.7738095238095241,0.9568965517241379,0.7095687331536384,0.9553571428571429
1228.0,0.8384309237572951,0.6863481186888233,0.7473684210526317,0.7738095238095241,0.948275862068966,0.7095687331536384,0.9553571428571429
1252.0,0.8333495242193727,0.674514530435568,0.7473684210526317,0.7738095238095241,0.948275862068966,0.691374663072776,0.9553571428571429
1271.0,0.8282681246814494,0.6626809421823125,0.7473684210526317,0.7142857142857146,0.948275862068966,0.6731805929919135,0.9553571428571429
1312.0,0.8231867251435261,0.6508473539290569,0.7473684210526317,0.7142857142857146,0.948275862068966,0.6731805929919135,0.9553571428571429
1427.0,0.8231867251435261,0.6508473539290569,0.7473684210526317,0.7142857142857146,0.948275862068966,0.6731805929919135,0.9553571428571429
1435.0,0.8180737641177895,0.6508473539290569,0.7337799043062201,0.7142857142857146,0.948275862068966,0.6549865229110509,0.9463443396226414
1499.0,0.8180737641177895,0.6508473539290569,0.7337799043062201,0.7142857142857146,0.948275862068966,0.6549865229110509,0.9463443396226414
1506.0,0.8129286461044701,0.6390137656758013,0.7199350004513858,0.7142857142857146,0.948275862068966,0.6367924528301883,0.9463443396226414
1508.0,0.8129286461044701,0.6390137656758013,0.7199350004513858,0.7142857142857146,0.948275862068966,0.6367924528301883,0.9463443396226414
1510.0,0.8129286461044701,0.6390137656758013,0.7199350004513858,0.7142857142857146,0.948275862068966,0.6367924528301883,0.9463443396226414
1512.0,0.8129286461044701,0.6390137656758013,0.7199350004513858,0.7142857142857146,0.948275862068966,0.6367924528301883,0.9463443396226414
1516.0,0.8076839451618608,0.6269569021724842,0.7058186278935155,0.6428571428571431,0.948275862068966,0.618598382749326,0.9463443396226414
1525.0,0.8076839451618608,0.6269569021724842,0.7058186278935155,0.6428571428571431,0.948275862068966,0.618598382749326,0.9463443396226414
1542.0,0.8076839451618608,0.6269569021724842,0.7058186278935155,0.6428571428571431,0.948275862068966,0.618598382749326,0.9463443396226414
1548.0,0.8023702349963222,0.6269569021724842,0.7058186278935155,0.6428571428571431,0.9391578249336877,0.618598382749326,0.9369745936857838
1557.0,0.8023702349963222,0.6269569021724842,0.7058186278935155,0.6428571428571431,0.9391578249336877,0.618598382749326,0.9369745936857838
1560.0,0.797021100096347,0.6269569021724842,0.7058186278935155,0.6428571428571431,0.9299503952774757,0.618598382749326,0.9275102038505744
1563.0,0.797021100096347,0.6269569021724842,0.7058186278935155,0.6428571428571431,0.9299503952774757,0.618598382749326,0.9275102038505744
1584.0,0.7916358223929932,0.6269569021724842,0.6917022553356451,0.6428571428571431,0.9206508913247003,0.618598382749326,0.9179482429861353
1605.0,0.7916358223929932,0.6269569021724842,0.6917022553356451,0.6428571428571431,0.9206508913247003,0.618598382749326,0.9179482429861353
1621.0,0.7862136592259179,0.6146636295808668,0.6917022553356451,0.6428571428571431,0.9206508913247003,0.6004043126684634,0.9179482429861353
1627.0,0.7862136592259179,0.6146636295808668,0.6917022553356451,0.6428571428571431,0.9206508913247003,0.6004043126684634,0.9179482429861353
1634.0,0.7862136592259179,0.6146636295808668,0.6917022553356451,0.6428571428571431,0.9206508913247003,0.6004043126684634,0.9179482429861353
1641.0,0.7862136592259179,0.6146636295808668,0.6917022553356451,0.6428571428571431,0.9206508913247003,0.6004043126684634,0.9179482429861353
1648.0,0.7862136592259179,0.6146636295808668,0.6917022553356451,0.6428571428571431,0.9206508913247003,0.6004043126684634,0.9179482429861353
1652.0,0.7862136592259179,0.6146636295808668,0.6917022553356451,0.6428571428571431,0.9206508913247003,0.6004043126684634,0.9179482429861353
1654.0,0.7862136592259179,0.6146636295808668,0.6917022553356451,0.6428571428571431,0.9206508913247003,0.6004043126684634,0.9179482429861353
1667.0,0.7804748733921523,0.6023703569892495,0.6917022553356451,0.6428571428571431,0.9206508913247003,0.6004043126684634,0.9179482429861353
1678.0,0.7804748733921523,0.6023703569892495,0.6917022553356451,0.6428571428571431,0.9206508913247003,0.6004043126684634,0.9179482429861353
1685.0,0.7804748733921523,0.6023703569892495,0.6917022553356451,0.6428571428571431,0.9206508913247003,0.6004043126684634,0.9179482429861353
1690.0,0.7746504340384796,0.6023703569892495,0.6769851860731847,0.5625000000000003,0.9101889493778285,0.6004043126684634,0.9071488518921803
1710.0,0.7746504340384796,0.6023703569892495,0.6769851860731847,0.5625000000000003,0.9101889493778285,0.6004043126684634,0.9071488518921803
1726.0,0.7687370719465829,0.5900770843976324,0.6769851860731847,0.5625000000000003,0.89948084409103,0.6004043126684634,0.9071488518921803
1745.0,0.7687370719465829,0.5900770843976324,0.6769851860731847,0.5625000000000003,0.89948084409103,0.6004043126684634,0.9071488518921803
1762.0,0.7687370719465829,0.5900770843976324,0.6769851860731847,0.5625000000000003,0.89948084409103,0.6004043126684634,0.9071488518921803
1779.0,0.7687370719465829,0.5900770843976324,0.6769851860731847,0.5625000000000003,0.89948084409103,0.6004043126684634,0.9071488518921803
1787.0,0.7687370719465829,0.5900770843976324,0.6769851860731847,0.5625000000000003,0.89948084409103,0.6004043126684634,0.9071488518921803
1793.0,0.7687370719465829,0.5900770843976324,0.6769851860731847,0.5625000000000003,0.89948084409103,0.6004043126684634,0.9071488518921803
1804.0,0.7687370719465829,0.5900770843976324,0.6769851860731847,0.5625000000000003,0.89948084409103,0.6004043126684634,0.9071488518921803
1812.0,0.7687370719465829,0.5900770843976324,0.6769851860731847,0.5625000000000003,0.89948084409103,0.6004043126684634,0.9071488518921803
1836.0,0.7687370719465829,0.5900770843976324,0.6769851860731847,0.5625000000000003,0.89948084409103,0.6004043126684634,0.9071488518921803
1839.0,0.7687370719465829,0.5900770843976324,0.6769851860731847,0.5625000000000003,0.89948084409103,0.6004043126684634,0.9071488518921803
1854.0,0.7687370719465829,0.5900770843976324,0.6769851860731847,0.5625000000000003,0.89948084409103,0.6004043126684634,0.9071488518921803
1856.0,0.7687370719465829,0.5900770843976324,0.6769851860731847,0.5625000000000003,0.89948084409103,0.6004043126684634,0.9071488518921803
1860.0,0.7687370719465829,0.5900770843976324,0.6769851860731847,0.5625000000000003,0.89948084409103,0.6004043126684634,0.9071488518921803
1864.0,0.7687370719465829,0.5900770843976324,0.6769851860731847,0.5625000000000003,0.89948084409103,0.6004043126684634,0.9071488518921803
1899.0,0.7687370719465829,0.5900770843976324,0.6769851860731847,0.5625000000000003,0.89948084409103,0.6004043126684634,0.9071488518921803
1914.0,0.7687370719465829,0.5900770843976324,0.6769851860731847,0.5625000000000003,0.89948084409103,0.6004043126684634,0.9071488518921803
1919.0,0.7687370719465829,0.5900770843976324,0.6769851860731847,0.5625000000000003,0.89948084409103,0.6004043126684634,0.9071488518921803
1920.0,0.7687370719465829,0.5900770843976324,0.6769851860731847,0.5625000000000003,0.89948084409103,0.6004043126684634,0.9071488518921803
1927.0,0.7687370719465829,0.5900770843976324,0.6769851860731847,0.5625000000000003,0.89948084409103,0.6004043126684634,0.9071488518921803
1933.0,0.7617485531107044,0.5900770843976324,0.6769851860731847,0.4687500000000002,0.8868120998080581,0.6004043126684634,0.894372107499333
1942.0,0.7617485531107044,0.5900770843976324,0.6769851860731847,0.4687500000000002,0.8868120998080581,0.6004043126684634,0.894372107499333
1955.0,0.7617485531107044,0.5900770843976324,0.6769851860731847,0.4687500000000002,0.8868120998080581,0.6004043126684634,0.894372107499333
1956.0,0.7617485531107044,0.5900770843976324,0.6769851860731847,0.4687500000000002,0.8868120998080581,0.6004043126684634,0.894372107499333
1958.0,0.7617485531107044,0.5900770843976324,0.6769851860731847,0.4687500000000002,0.8868120998080581,0.6004043126684634,0.894372107499333
1963.0,0.7617485531107044,0.5900770843976324,0.6769851860731847,0.4687500000000002,0.8868120998080581,0.6004043126684634,0.894372107499333
1970.0,0.7617485531107044,0.5900770843976324,0.6769851860731847,0.4687500000000002,0.8868120998080581,0.6004043126684634,0.894372107499333
2005.0,0.7617485531107044,0.5900770843976324,0.6769851860731847,0.4687500000000002,0.8868120998080581,0.6004043126684634,0.894372107499333
2007.0,0.7617485531107044,0.5900770843976324,0.6769851860731847,0.4687500000000002,0.8868120998080581,0.6004043126684634,0.894372107499333
2011.0,0.7617485531107044,0.5900770843976324,0.6769851860731847,0.4687500000000002,0.8868120998080581,0.6004043126684634,0.894372107499333
2024.0,0.7617485531107044,0.5900770843976324,0.6769851860731847,0.4687500000000002,0.8868120998080581,0.6004043126684634,0.894372107499333
2028.0,0.7617485531107044,0.5900770843976324,0.6769851860731847,0.4687500000000002,0.8868120998080581,0.6004043126684634,0.894372107499333
2038.0,0.7617485531107044,0.5900770843976324,0.6769851860731847,0.4687500000000002,0.8868120998080581,0.6004043126684634,0.894372107499333
2056.0,0.7617485531107044,0.5900770843976324,0.6769851860731847,0.4687500000000002,0.8868120998080581,0.6004043126684634,0.894372107499333
2059.0,0.7617485531107044,0.5900770843976324,0.6769851860731847,0.4687500000000002,0.8868120998080581,0.6004043126684634,0.894372107499333
2061.0,0.7537301472884865,0.5900770843976324,0.6558293990083978,0.4687500000000002,0.8727357172714224,0.6004043126684634,0.8799467509267631
2062.0,0.7457117414662688,0.5900770843976324,0.6558293990083978,0.4687500000000002,0.8727357172714224,0.5718136311128221,0.865521394354193
2075.0,0.7457117414662688,0.5900770843976324,0.6558293990083978,0.4687500000000002,0.8727357172714224,0.5718136311128221,0.865521394354193
2085.0,0.7457117414662688,0.5900770843976324,0.6558293990083978,0.4687500000000002,0.8727357172714224,0.5718136311128221,0.865521394354193
2102.0,0.7457117414662688,0.5900770843976324,0.6558293990083978,0.4687500000000002,0.8727357172714224,0.5718136311128221,0.865521394354193
2103.0,0.7374260554499769,0.5900770843976324,0.633214592146039,0.4687500000000002,0.8581901219835658,0.5718136311128221,0.8505986116929141
2104.0,0.7374260554499769,0.5900770843976324,0.633214592146039,0.4687500000000002,0.8581901219835658,0.5718136311128221,0.8505986116929141
2108.0,0.7290462139107723,0.5716371755102064,0.633214592146039,0.4687500000000002,0.8433937405700563,0.5718136311128221,0.8505986116929141
2112.0,0.7290462139107723,0.5716371755102064,0.633214592146039,0.4687500000000002,0.8433937405700563,0.5718136311128221,0.8505986116929141
2150.0,0.7290462139107723,0.5716371755102064,0.633214592146039,0.4687500000000002,0.8433937405700563,0.5718136311128221,0.8505986116929141
2156.0,0.7290462139107723,0.5716371755102064,0.633214592146039,0.4687500000000002,0.8433937405700563,0.5718136311128221,0.8505986116929141
2165.0,0.7290462139107723,0.5716371755102064,0.633214592146039,0.4687500000000002,0.8433937405700563,0.5718136311128221,0.8505986116929141
2209.0,0.7290462139107723,0.5716371755102064,0.633214592146039,0.4687500000000002,0.8433937405700563,0.5718136311128221,0.8505986116929141
2227.0,0.7290462139107723,0.5716371755102064,0.633214592146039,0.4687500000000002,0.8433937405700563,0.5718136311128221,0.8505986116929141
2256.0,0.7199331362368879,0.551925548768475,0.633214592146039,0.4687500000000002,0.8274806511253384,0.5718136311128221,0.8505986116929141
2264.0,0.7199331362368879,0.551925548768475,0.633214592146039,0.4687500000000002,0.8274806511253384,0.5718136311128221,0.8505986116929141
2339.0,0.7199331362368879,0.551925548768475,0.633214592146039,0.4687500000000002,0.8274806511253384,0.5718136311128221,0.8505986116929141
2361.0,0.7199331362368879,0.551925548768475,0.633214592146039,0.4687500000000002,0.8274806511253384,0.5718136311128221,0.8505986116929141
2387.0,0.7199331362368879,0.551925548768475,0.633214592146039,0.4687500000000002,0.8274806511253384,0.5718136311128221,0.8505986116929141
2388.0,0.71033402775373,0.551925548768475,0.6078860084601977,0.4687500000000002,0.8109310381028316,0.5718136311128221,0.8332394563522426
2403.0,0.71033402775373,0.551925548768475,0.6078860084601977,0.4687500000000002,0.8109310381028316,0.5718136311128221,0.8332394563522426
2426.0,0.71033402775373,0.551925548768475,0.6078860084601977,0.4687500000000002,0.8109310381028316,0.5718136311128221,0.8332394563522426
2431.0,0.71033402775373,0.551925548768475,0.6078860084601977,0.4687500000000002,0.8109310381028316,0.5718136311128221,0.8332394563522426
2460.0,0.71033402775373,0.551925548768475,0.6078860084601977,0.4687500000000002,0.8109310381028316,0.5718136311128221,0.8332394563522426
2467.0,0.7000393316993281,0.5289286509031218,0.6078860084601977,0.4687500000000002,0.7933021024919003,0.5718136311128221,0.8332394563522426
2492.0,0.7000393316993281,0.5289286509031218,0.6078860084601977,0.4687500000000002,0.7933021024919003,0.5718136311128221,0.8332394563522426
2493.0,0.7000393316993281,0.5289286509031218,0.6078860084601977,0.4687500000000002,0.7933021024919003,0.5718136311128221,0.8332394563522426
2521.0,0.7000393316993281,0.5289286509031218,0.6078860084601977,0.4687500000000002,0.7933021024919003,0.5718136311128221,0.8332394563522426
2542.0,0.7000393316993281,0.5289286509031218,0.6078860084601977,0.4687500000000002,0.7933021024919003,0.5718136311128221,0.8332394563522426
2559.0,0.7000393316993281,0.5289286509031218,0.6078860084601977,0.4687500000000002,0.7933021024919003,0.5718136311128221,0.8332394563522426
2565.0,0.6889275962755294,0.501090300855589,0.5802548262574613,0.4687500000000002,0.7933021024919003,0.5309698003190493,0.8332394563522426
2570.0,0.6889275962755294,0.501090300855589,0.5802548262574613,0.4687500000000002,0.7933021024919003,0.5309698003190493,0.8332394563522426
2660.0,0.6889275962755294,0.501090300855589,0.5802548262574613,0.4687500000000002,0.7933021024919003,0.5309698003190493,0.8332394563522426
2666.0,0.6889275962755294,0.501090300855589,0.5802548262574613,0.4687500000000002,0.7933021024919003,0.5309698003190493,0.8332394563522426
2676.0,0.6889275962755294,0.501090300855589,0.5802548262574613,0.4687500000000002,0.7933021024919003,0.5309698003190493,0.8332394563522426
2738.0,0.6889275962755294,0.501090300855589,0.5802548262574613,0.4687500000000002,0.7933021024919003,0.5309698003190493,0.8332394563522426
2782.0,0.6768411472180641,0.501090300855589,0.552623644054725,0.0,0.7724257313736924,0.5309698003190493,0.8129165427826756
2787.0,0.6768411472180641,0.501090300855589,0.552623644054725,0.0,0.7724257313736924,0.5309698003190493,0.8129165427826756
2984.0,0.6768411472180641,0.501090300855589,0.552623644054725,0.0,0.7724257313736924,0.5309698003190493,0.8129165427826756
3032.0,0.6768411472180641,0.501090300855589,0.552623644054725,0.0,0.7724257313736924,0.5309698003190493,0.8129165427826756
3040.0,0.6768411472180641,0.501090300855589,0.552623644054725,0.0,0.7724257313736924,0.5309698003190493,0.8129165427826756
3042.0,0.6638249713100243,0.46977215705211484,0.552623644054725,0.0,0.7724257313736924,0.48672231695912854,0.8129165427826756
3067.0,0.6638249713100243,0.46977215705211484,0.552623644054725,0.0,0.7724257313736924,0.48672231695912854,0.8129165427826756
3079.0,0.6638249713100243,0.46977215705211484,0.552623644054725,0.0,0.7724257313736924,0.48672231695912854,0.8129165427826756
3101.0,0.6638249713100243,0.46977215705211484,0.552623644054725,0.0,0.7724257313736924,0.48672231695912854,0.8129165427826756
3144.0,0.6638249713100243,0.46977215705211484,0.552623644054725,0.0,0.7724257313736924,0.48672231695912854,0.8129165427826756
3152.0,0.6638249713100243,0.46977215705211484,0.552623644054725,0.0,0.7724257313736924,0.48672231695912854,0.8129165427826756
3154.0,0.6638249713100243,0.46977215705211484,0.552623644054725,0.0,0.7724257313736924,0.48672231695912854,0.8129165427826756
3180.0,0.6638249713100243,0.46977215705211484,0.552623644054725,0.0,0.7724257313736924,0.48672231695912854,0.8129165427826756
3182.0,0.6638249713100243,0.46977215705211484,0.552623644054725,0.0,0.7724257313736924,0.48672231695912854,0.8129165427826756
3185.0,0.6638249713100243,0.46977215705211484,0.552623644054725,0.0,0.7724257313736924,0.48672231695912854,0.8129165427826756
3199.0,0.6638249713100243,0.46977215705211484,0.552623644054725,0.0,0.7724257313736924,0.48672231695912854,0.8129165427826756
3228.0,0.6638249713100243,0.46977215705211484,0.552623644054725,0.0,0.7724257313736924,0.48672231695912854,0.8129165427826756
3229.0,0.6638249713100243,0.46977215705211484,0.552623644054725,0.0,0.7724257313736924,0.48672231695912854,0.8129165427826756
3278.0,0.6638249713100243,0.46977215705211484,0.552623644054725,0.0,0.7724257313736924,0.48672231695912854,0.8129165427826756
3297.0,0.6638249713100243,0.46977215705211484,0.552623644054725,0.0,0.7724257313736924,0.48672231695912854,0.8129165427826756
3328.0,0.6638249713100243,0.46977215705211484,0.552623644054725,0.0,0.7724257313736924,0.48672231695912854,0.8129165427826756
3330.0,0.6638249713100243,0.46977215705211484,0.552623644054725,0.0,0.7724257313736924,0.48672231695912854,0.8129165427826756
3338.0,0.6448585435583095,0.4306244772977719,0.552623644054725,0.0,0.7724257313736924,0.4258820273392375,0.8129165427826756
3383.0,0.6448585435583095,0.4306244772977719,0.552623644054725,0.0,0.7724257313736924,0.4258820273392375,0.8129165427826756
3384.0,0.6448585435583095,0.4306244772977719,0.552623644054725,0.0,0.7724257313736924,0.4258820273392375,0.8129165427826756
3385.0,0.6448585435583095,0.4306244772977719,0.552623644054725,0.0,0.7724257313736924,0.4258820273392375,0.8129165427826756
3388.0,0.6448585435583095,0.4306244772977719,0.552623644054725,0.0,0.7724257313736924,0.4258820273392375,0.8129165427826756
3402.0,0.6448585435583095,0.4306244772977719,0.552623644054725,0.0,0.7724257313736924,0.4258820273392375,0.8129165427826756
3441.0,0.6448585435583095,0.4306244772977719,0.552623644054725,0.0,0.7724257313736924,0.4258820273392375,0.8129165427826756
3458.0,0.6448585435583095,0.4306244772977719,0.552623644054725,0.0,0.7724257313736924,0.4258820273392375,0.8129165427826756
3459.0,0.6448585435583095,0.4306244772977719,0.552623644054725,0.0,0.7724257313736924,0.4258820273392375,0.8129165427826756
3476.0,0.6448585435583095,0.4306244772977719,0.552623644054725,0.0,0.7724257313736924,0.4258820273392375,0.8129165427826756
3523.0,0.6448585435583095,0.4306244772977719,0.552623644054725,0.0,0.7724257313736924,0.4258820273392375,0.8129165427826756
3667.0,0.6448585435583095,0.4306244772977719,0.552623644054725,0.0,0.7724257313736924,0.4258820273392375,0.8129165427826756
3695.0,0.6448585435583095,0.4306244772977719,0.552623644054725,0.0,0.7724257313736924,0.4258820273392375,0.8129165427826756
3776.0,0.6448585435583095,0.4306244772977719,0.552623644054725,0.0,0.7724257313736924,0.4258820273392375,0.8129165427826756
3830.0,0.6448585435583095,0.4306244772977719,0.552623644054725,0.0,0.7724257313736924,0.4258820273392375,0.8129165427826756
3856.0,0.6448585435583095,0.4306244772977719,0.552623644054725,0.0,0.7724257313736924,0.4258820273392375,0.8129165427826756
3872.0,0.6448585435583095,0.4306244772977719,0.552623644054725,0.0,0.7724257313736924,0.4258820273392375,0.8129165427826756
3909.0,0.6448585435583095,0.4306244772977719,0.552623644054725,0.0,0.7724257313736924,0.4258820273392375,0.8129165427826756
3968.0,0.6448585435583095,0.4306244772977719,0.552623644054725,0.0,0.7724257313736924,0.4258820273392375,0.8129165427826756
4001.0,0.6448585435583095,0.4306244772977719,0.552623644054725,0.0,0.7724257313736924,0.4258820273392375,0.8129165427826756
4103.0,0.6448585435583095,0.4306244772977719,0.552623644054725,0.0,0.7724257313736924,0.4258820273392375,0.8129165427826756
4119.0,0.6448585435583095,0.4306244772977719,0.552623644054725,0.0,0.7724257313736924,0.4258820273392375,0.8129165427826756
4124.0,0.6448585435583095,0.4306244772977719,0.552623644054725,0.0,0.7724257313736924,0.4258820273392375,0.8129165427826756
4207.0,0.6448585435583095,0.4306244772977719,0.552623644054725,0.0,0.7724257313736924,0.4258820273392375,0.8129165427826756
4310.0,0.6448585435583095,0.4306244772977719,0.552623644054725,0.0,0.7724257313736924,0.4258820273392375,0.8129165427826756
4390.0,0.6448585435583095,0.4306244772977719,0.552623644054725,0.0,0.7724257313736924,0.4258820273392375,0.8129165427826756
4479.0,0.6448585435583095,0.4306244772977719,0.552623644054725,0.0,0.7724257313736924,0.4258820273392375,0.8129165427826756
4492.0,0.6448585435583095,0.4306244772977719,0.552623644054725,0.0,0.7724257313736924,0.4258820273392375,0.8129165427826756
4668.0,0.6448585435583095,0.4306244772977719,0.552623644054725,0.0,0.7724257313736924,0.4258820273392375,0.8129165427826756
4688.0,0.6448585435583095,0.4306244772977719,0.552623644054725,0.0,0.7724257313736924,0.4258820273392375,0.8129165427826756
4926.0,0.6448585435583095,0.4306244772977719,0.552623644054725,0.0,0.7724257313736924,0.4258820273392375,0.8129165427826756
5565.0,0.6448585435583095,0.4306244772977719,0.552623644054725,0.0,0.7724257313736924,0.4258820273392375,0.8129165427826756
