times,population,R0,R1,R2,R3,R4,R5,R6,R7,R8,R9,R10,R11,R12,R13,R14
0.0,1.0,1.0,1.0,1.0,1.0,1.0,1.0,1.0,1.0,1.0,1.0,1.0,1.0,1.0,1.0,1.0
4.0,0.9965217391304348,0.9890109890109893,1.0,1.0,0.98936170212766,0.9973474801061007,1.0,0.9,1.0,0.9921259842519685,1.0,1.0,1.0,0.9950980392156864,1.0,0.9931034482758624
6.0,0.9930434782608696,0.9780219780219781,1.0,1.0,0.98936170212766,0.9920424403183026,1.0,0.9,1.0,0.9921259842519685,1.0,1.0,1.0,0.9950980392156864,1.0,0.9931034482758624
7.0,0.9860869565217385,0.9560439560439563,1.0,1.0,0.9787234042553193,0.9867374005305035,0.9833333333333338,0.9,0.962962962962963,0.9842519685039375,0.9848484848484849,0.98936170212766,0.98,0.9803921568627451,0.9911504424778754,0.986206896551724
8.0,0.9843478260869565,0.9505494505494511,1.0,1.0,0.9787234042553193,0.9867374005305035,0.9833333333333338,0.9,0.962962962962963,0.9763779527559058,0.9848484848484849,0.9787234042553193,0.98,0.9803921568627451,0.9867256637168139,0.9827586206896555
9.0,0.982608695652174,0.9450549450549449,1.0,1.0,0.9787234042553193,0.9840848806366045,0.9833333333333338,0.9,0.962962962962963,0.9763779527559058,0.9848484848484849,0.9787234042553193,0.98,0.9803921568627451,0.9823008849557517,0.9827586206896555
10.0,0.9773913043478256,0.9285714285714287,1.0,1.0,0.9680851063829785,0.9814323607427051,0.9833333333333338,0.7999999999999997,0.9259259259259257,0.9606299212598428,0.9772727272727274,0.9680851063829785,0.9600000000000003,0.9705882352941179,0.9734513274336284,0.9793103448275865
11.0,0.9739130434782604,0.9175824175824181,1.0,1.0,0.9574468085106383,0.9787798408488061,0.9666666666666667,0.6999999999999998,0.9259259259259257,0.9527559055118113,0.9696969696969697,0.9574468085106383,0.9600000000000003,0.9656862745098043,0.9690265486725662,0.9758620689655174
12.0,0.9704347826086953,0.9065934065934065,1.0,1.0,0.9574468085106383,0.9734748010610083,0.9666666666666667,0.6999999999999998,0.9259259259259257,0.9527559055118113,0.9696969696969697,0.9574468085106383,0.9600000000000003,0.9656862745098043,0.9646017699115039,0.9758620689655174
14.0,0.9634782608695651,0.8846153846153849,1.0,1.0,0.9468085106382977,0.9681697612732094,0.9666666666666667,0.6999999999999998,0.9259259259259257,0.9527559055118113,0.9621212121212123,0.9574468085106383,0.94,0.9558823529411767,0.9601769911504423,0.9655172413793102
15.0,0.9599999999999994,0.8736263736263739,1.0,1.0,0.9468085106382977,0.9681697612732094,0.9666666666666667,0.6999999999999998,0.9259259259259257,0.9448818897637794,0.9621212121212123,0.9468085106382977,0.94,0.9558823529411767,0.9557522123893805,0.9620689655172413
18.0,0.9582608695652175,0.8681318681318684,1.0,1.0,0.9468085106382977,0.9655172413793102,0.9666666666666667,0.6999999999999998,0.9259259259259257,0.9448818897637794,0.9545454545454548,0.9468085106382977,0.94,0.9509803921568631,0.951327433628318,0.9620689655172413
19.0,0.9547826086956518,0.8571428571428573,1.0,1.0,0.9468085106382977,0.9628647214854107,0.9666666666666667,0.6999999999999998,0.9259259259259257,0.9448818897637794,0.9545454545454548,0.9468085106382977,0.94,0.9460784313725493,0.951327433628318,0.9551724137931036
20.0,0.9530434782608697,0.851648351648352,1.0,1.0,0.9468085106382977,0.9628647214854107,0.9666666666666667,0.6999999999999998,0.9259259259259257,0.9370078740157484,0.9545454545454548,0.9361702127659579,0.94,0.9460784313725493,0.946902654867256,0.9517241379310342
21.0,0.9495652173913042,0.8406593406593407,1.0,1.0,0.9361702127659579,0.9602122015915122,0.9500000000000004,0.6999999999999998,0.9259259259259257,0.9291338582677169,0.9469696969696976,0.9255319148936171,0.94,0.9362745098039219,0.9424778761061947,0.9448275862068969
22.0,0.9460869565217386,0.8296703296703298,1.0,1.0,0.9361702127659579,0.9575596816976122,0.9500000000000004,0.6999999999999998,0.9259259259259257,0.9291338582677169,0.9469696969696976,0.9255319148936171,0.94,0.9313725490196082,0.9424778761061947,0.9379310344827592
23.0,0.9373913043478262,0.8021978021978022,1.0,1.0,0.9148936170212763,0.9522546419098139,0.9166666666666672,0.6999999999999998,0.888888888888889,0.9212598425196853,0.9166666666666672,0.9042553191489364,0.9200000000000002,0.9166666666666672,0.9247787610619466,0.9241379310344827
24.0,0.9339130434782609,0.7912087912087914,1.0,1.0,0.9148936170212763,0.9469496021220155,0.9166666666666672,0.6999999999999998,0.888888888888889,0.9212598425196853,0.9166666666666672,0.9042553191489364,0.9200000000000002,0.9166666666666672,0.9247787610619466,0.920689655172414
25.0,0.932173913043478,0.7857142857142856,1.0,1.0,0.9042553191489364,0.9469496021220155,0.9000000000000004,0.5999999999999999,0.888888888888889,0.9133858267716535,0.9090909090909092,0.8936170212765956,0.9200000000000002,0.9117647058823536,0.9203539823008846,0.917241379310345
26.0,0.9252173913043478,0.7637362637362637,1.0,1.0,0.9042553191489364,0.9416445623342176,0.9000000000000004,0.5999999999999999,0.888888888888889,0.9055118110236222,0.8863636363636368,0.8936170212765956,0.9200000000000002,0.8970588235294125,0.9070796460176991,0.9034482758620688
28.0,0.923478260869565,0.7582417582417587,1.0,1.0,0.9042553191489364,0.9416445623342176,0.9000000000000004,0.5999999999999999,0.888888888888889,0.9055118110236222,0.8787878787878789,0.8936170212765956,0.9200000000000002,0.8921568627450981,0.9026548672566366,0.9000000000000004
29.0,0.9217391304347823,0.7527472527472531,1.0,1.0,0.8936170212765956,0.9416445623342176,0.8833333333333336,0.5999999999999999,0.8518518518518517,0.8976377952755908,0.8712121212121215,0.8829787234042556,0.9,0.8872549019607849,0.8982300884955747,0.9000000000000004
30.0,0.9182608695652171,0.741758241758242,1.0,1.0,0.8829787234042556,0.938992042440318,0.8833333333333336,0.5999999999999999,0.8518518518518517,0.8897637795275594,0.8636363636363641,0.8829787234042556,0.88,0.8774509803921571,0.8938053097345132,0.8931034482758619
31.0,0.9147826086956522,0.7307692307692308,1.0,1.0,0.8829787234042556,0.9336870026525195,0.8833333333333336,0.5999999999999999,0.8518518518518517,0.8897637795275594,0.8484848484848484,0.8829787234042556,0.88,0.8676470588235294,0.8849557522123888,0.8896551724137931
32.0,0.9113043478260866,0.7197802197802197,1.0,1.0,0.8723404255319152,0.9310344827586202,0.866666666666667,0.5999999999999999,0.814814814814815,0.8818897637795273,0.8409090909090909,0.8723404255319152,0.8600000000000001,0.8578431372549026,0.880530973451327,0.8827586206896552
33.0,0.9095652173913045,0.7142857142857143,1.0,1.0,0.8723404255319152,0.928381962864721,0.866666666666667,0.5999999999999999,0.814814814814815,0.8818897637795273,0.8409090909090909,0.8723404255319152,0.8600000000000001,0.8578431372549026,0.8761061946902652,0.8827586206896552
34.0,0.9078260869565219,0.7087912087912088,1.0,1.0,0.8723404255319152,0.925729442970822,0.866666666666667,0.5999999999999999,0.814814814814815,0.8818897637795273,0.8409090909090909,0.8723404255319152,0.8600000000000001,0.8529411764705885,0.8761061946902652,0.8827586206896552
35.0,0.9026086956521735,0.6923076923076924,1.0,1.0,0.8723404255319152,0.9204244031830239,0.866666666666667,0.5999999999999999,0.814814814814815,0.8818897637795273,0.8333333333333338,0.8723404255319152,0.8600000000000001,0.848039215686275,0.8716814159292032,0.879310344827586
36.0,0.8973913043478259,0.6758241758241756,1.0,1.0,0.8723404255319152,0.917771883289125,0.866666666666667,0.5999999999999999,0.814814814814815,0.874015748031496,0.8333333333333338,0.8617021276595749,0.8600000000000001,0.8431372549019608,0.8628318584070793,0.8724137931034485
37.0,0.893913043478261,0.6648351648351651,1.0,1.0,0.8723404255319152,0.9124668435013259,0.866666666666667,0.5999999999999999,0.814814814814815,0.874015748031496,0.8333333333333338,0.8617021276595749,0.8600000000000001,0.8382352941176476,0.8628318584070793,0.8689655172413795
38.0,0.8904347826086954,0.6538461538461542,1.0,1.0,0.8617021276595749,0.9098143236074265,0.8500000000000002,0.5999999999999999,0.814814814814815,0.8661417322834649,0.8257575757575758,0.8510638297872337,0.8600000000000001,0.8333333333333338,0.8584070796460175,0.8655172413793101
40.0,0.8886956521739128,0.6483516483516487,1.0,1.0,0.8617021276595749,0.9071618037135274,0.8500000000000002,0.5999999999999999,0.814814814814815,0.8661417322834649,0.8257575757575758,0.8510638297872337,0.8600000000000001,0.8333333333333338,0.8584070796460175,0.8620689655172411
43.0,0.88695652173913,0.6428571428571431,1.0,1.0,0.8617021276595749,0.9071618037135274,0.8500000000000002,0.5999999999999999,0.814814814814815,0.8661417322834649,0.8181818181818186,0.8510638297872337,0.8600000000000001,0.8284313725490199,0.8539823008849555,0.8586206896551724
44.0,0.88,0.6208791208791211,1.0,1.0,0.8510638297872337,0.9045092838196287,0.8333333333333335,0.5999999999999999,0.7777777777777778,0.8503937007874018,0.8106060606060606,0.8297872340425532,0.8400000000000002,0.8235294117647061,0.8407079646017697,0.8551724137931038
45.0,0.8747826086956519,0.6043956043956047,1.0,1.0,0.8510638297872337,0.8992042440318299,0.8333333333333335,0.5999999999999999,0.7777777777777778,0.8425196850393698,0.8106060606060606,0.8297872340425532,0.8200000000000002,0.8186274509803927,0.8407079646017697,0.8482758620689653
46.0,0.8695652173913039,0.5879120879120878,1.0,1.0,0.8297872340425532,0.896551724137931,0.8000000000000004,0.49999999999999983,0.7777777777777778,0.826771653543307,0.7954545454545454,0.8085106382978724,0.8200000000000002,0.8088235294117647,0.8318584070796458,0.8413793103448279
47.0,0.8643478260869565,0.5714285714285714,1.0,1.0,0.819148936170213,0.8938992042440316,0.7833333333333334,0.49999999999999983,0.7777777777777778,0.8188976377952755,0.787878787878788,0.7978723404255317,0.8200000000000002,0.7990196078431375,0.8230088495575222,0.83448275862069
48.0,0.862608695652174,0.5659340659340661,1.0,1.0,0.819148936170213,0.8912466843501324,0.7833333333333334,0.49999999999999983,0.7777777777777778,0.8188976377952755,0.787878787878788,0.7978723404255317,0.8200000000000002,0.7990196078431375,0.8230088495575222,0.83448275862069
50.0,0.8608695652173911,0.5604395604395603,1.0,1.0,0.819148936170213,0.8885941644562332,0.7833333333333334,0.49999999999999983,0.7777777777777778,0.8188976377952755,0.787878787878788,0.7978723404255317,0.8200000000000002,0.7990196078431375,0.8185840707964596,0.83448275862069
51.0,0.8539130434782605,0.5384615384615388,1.0,1.0,0.819148936170213,0.8806366047745354,0.7833333333333334,0.3999999999999999,0.7777777777777778,0.8110236220472442,0.787878787878788,0.7978723404255317,0.8,0.7990196078431375,0.8141592920353982,0.8275862068965517
52.0,0.8521739130434778,0.5329670329670331,1.0,1.0,0.819148936170213,0.8779840848806365,0.7833333333333334,0.3999999999999999,0.7777777777777778,0.8110236220472442,0.7803030303030306,0.7978723404255317,0.8,0.7941176470588235,0.8097345132743363,0.8275862068965517
53.0,0.8486956521739132,0.521978021978022,1.0,1.0,0.8085106382978724,0.8753315649867371,0.7833333333333334,0.3999999999999999,0.7777777777777778,0.8110236220472442,0.7803030303030306,0.7978723404255317,0.8,0.7941176470588235,0.8053097345132739,0.8241379310344832
54.0,0.8434782608695651,0.5054945054945057,1.0,1.0,0.8085106382978724,0.8726790450928381,0.7833333333333334,0.3999999999999999,0.7407407407407406,0.8031496062992123,0.7803030303030306,0.7872340425531918,0.78,0.7892156862745101,0.7964601769911502,0.8172413793103451
55.0,0.8417391304347828,0.49999999999999994,1.0,1.0,0.8085106382978724,0.8700265251989392,0.7833333333333334,0.3999999999999999,0.7407407407407406,0.8031496062992123,0.7803030303030306,0.7872340425531918,0.78,0.7892156862745101,0.7920353982300882,0.8137931034482763
56.0,0.8365217391304345,0.4835164835164838,1.0,1.0,0.7872340425531918,0.8673740053050397,0.7666666666666669,0.3,0.7407407407407406,0.78740157480315,0.7727272727272726,0.776595744680851,0.76,0.7794117647058826,0.7876106194690262,0.8068965517241382
57.0,0.8313043478260871,0.4670329670329672,1.0,1.0,0.7553191489361702,0.8673740053050397,0.7333333333333334,0.19999999999999998,0.7037037037037035,0.7637795275590552,0.7575757575757581,0.7553191489361702,0.74,0.7647058823529415,0.7787610619469021,0.7965517241379308
58.0,0.8278260869565218,0.4560439560439563,1.0,1.0,0.7446808510638301,0.8647214854111406,0.7166666666666668,0.09999999999999998,0.6666666666666665,0.7559055118110236,0.7500000000000001,0.7446808510638301,0.72,0.7598039215686279,0.7743362831858408,0.7931034482758623
59.0,0.8243478260869567,0.4450549450549453,1.0,1.0,0.7446808510638301,0.8620689655172411,0.7166666666666668,0.09999999999999998,0.6666666666666665,0.7480314960629921,0.7500000000000001,0.7446808510638301,0.72,0.7598039215686279,0.7699115044247785,0.7896551724137935
60.0,0.8226086956521734,0.4395604395604395,1.0,1.0,0.7446808510638301,0.8594164456233417,0.7166666666666668,0.09999999999999998,0.6666666666666665,0.7480314960629921,0.7500000000000001,0.7446808510638301,0.72,0.7598039215686279,0.7699115044247785,0.7896551724137935
61.0,0.8208695652173909,0.4395604395604395,1.0,1.0,0.7446808510638301,0.8567639257294428,0.7166666666666668,0.09999999999999998,0.6666666666666665,0.7480314960629921,0.7500000000000001,0.7446808510638301,0.72,0.7598039215686279,0.7699115044247785,0.7862068965517245
62.0,0.8191304347826085,0.4395604395604395,1.0,1.0,0.7446808510638301,0.8567639257294428,0.7166666666666668,0.09999999999999998,0.6666666666666665,0.7401574803149606,0.7500000000000001,0.7446808510638301,0.72,0.7598039215686279,0.7699115044247785,0.7827586206896554
65.0,0.8121739130434782,0.4230769230769233,1.0,1.0,0.7234042553191492,0.8514588859416444,0.7000000000000003,0.09999999999999998,0.6666666666666665,0.7244094488188978,0.7424242424242429,0.7340425531914896,0.72,0.7450980392156865,0.7610619469026544,0.7689655172413795
67.0,0.8104347826086952,0.41758241758241765,1.0,1.0,0.7234042553191492,0.8488063660477451,0.7000000000000003,0.09999999999999998,0.6666666666666665,0.7244094488188978,0.7424242424242429,0.7340425531914896,0.72,0.7450980392156865,0.7610619469026544,0.7689655172413795
68.0,0.8069565217391302,0.41208791208791207,1.0,1.0,0.7234042553191492,0.8461538461538459,0.7000000000000003,0.09999999999999998,0.6666666666666665,0.716535433070866,0.7424242424242429,0.7340425531914896,0.72,0.7450980392156865,0.7610619469026544,0.7689655172413795
69.0,0.8034782608695649,0.40659340659340687,1.0,1.0,0.7234042553191492,0.8408488063660474,0.7000000000000003,0.09999999999999998,0.6666666666666665,0.716535433070866,0.7424242424242429,0.7340425531914896,0.72,0.7450980392156865,0.756637168141593,0.7655172413793103
70.0,0.8,0.40659340659340687,1.0,1.0,0.7127659574468084,0.8381962864721486,0.7000000000000003,0.09999999999999998,0.6666666666666665,0.7086614173228347,0.7348484848484851,0.7340425531914896,0.7,0.7352941176470589,0.7522123893805309,0.7586206896551728
71.0,0.7965217391304349,0.40659340659340687,1.0,1.0,0.7127659574468084,0.8328912466843498,0.7000000000000003,0.09999999999999998,0.6666666666666665,0.7086614173228347,0.7348484848484851,0.7340425531914896,0.7,0.7303921568627454,0.7522123893805309,0.7586206896551728
72.0,0.7947826086956523,0.40659340659340687,1.0,1.0,0.7127659574468084,0.8302387267904506,0.7000000000000003,0.09999999999999998,0.6666666666666665,0.7086614173228347,0.7348484848484851,0.7340425531914896,0.7,0.7254901960784313,0.7522123893805309,0.7586206896551728
73.0,0.7913043478260866,0.4010989010989011,1.0,1.0,0.7127659574468084,0.8249336870026522,0.7000000000000003,0.09999999999999998,0.6666666666666665,0.7086614173228347,0.7272727272727274,0.7340425531914896,0.7,0.715686274509804,0.7477876106194687,0.7517241379310344
74.0,0.7860869565217393,0.3956043956043957,1.0,1.0,0.7127659574468084,0.8196286472148543,0.7000000000000003,0.09999999999999998,0.6666666666666665,0.700787401574803,0.7272727272727274,0.7234042553191492,0.7,0.715686274509804,0.7389380530973452,0.7482758620689657
75.0,0.7843478260869565,0.3956043956043957,1.0,1.0,0.7127659574468084,0.8169761273209545,0.7000000000000003,0.09999999999999998,0.6666666666666665,0.700787401574803,0.7196969696969698,0.7234042553191492,0.7,0.7107843137254902,0.7345132743362832,0.7448275862068968
76.0,0.7808695652173913,0.38461538461538486,1.0,1.0,0.7127659574468084,0.8116710875331563,0.7000000000000003,0.09999999999999998,0.6666666666666665,0.700787401574803,0.7196969696969698,0.7234042553191492,0.7,0.7107843137254902,0.7300884955752207,0.7413793103448274
78.0,0.7756521739130434,0.3681318681318681,1.0,1.0,0.7127659574468084,0.8063660477453581,0.7000000000000003,0.09999999999999998,0.6666666666666665,0.700787401574803,0.7121212121212123,0.7234042553191492,0.7,0.7058823529411767,0.7212389380530971,0.7379310344827584
79.0,0.7686956521739127,0.3571428571428571,1.0,1.0,0.7127659574468084,0.795755968169761,0.7000000000000003,0.09999999999999998,0.6666666666666665,0.700787401574803,0.7121212121212123,0.7234042553191492,0.7,0.7009803921568627,0.7123893805309733,0.7310344827586207
80.0,0.7652173913043474,0.3516483516483516,1.0,1.0,0.7127659574468084,0.795755968169761,0.7000000000000003,0.09999999999999998,0.6296296296296297,0.700787401574803,0.704545454545455,0.7127659574468084,0.6800000000000002,0.6960784313725493,0.707964601769911,0.727586206896552
81.0,0.7582608695652171,0.32967032967032966,1.0,1.0,0.6914893617021275,0.7904509283819628,0.6666666666666669,0.09999999999999998,0.5925925925925926,0.6850393700787402,0.6893939393939393,0.6914893617021275,0.66,0.6862745098039215,0.6946902654867252,0.7241379310344827
83.0,0.7547826086956522,0.3241758241758243,1.0,1.0,0.6914893617021275,0.7851458885941641,0.6666666666666669,0.09999999999999998,0.5925925925925926,0.6850393700787402,0.6893939393939393,0.6914893617021275,0.66,0.6813725490196079,0.6946902654867252,0.7206896551724138
84.0,0.7495652173913039,0.3241758241758243,1.0,1.0,0.6914893617021275,0.777188328912467,0.6666666666666669,0.09999999999999998,0.5925925925925926,0.6850393700787402,0.6893939393939393,0.6914893617021275,0.66,0.6764705882352946,0.6902654867256636,0.7137931034482757
85.0,0.746086956521739,0.3241758241758243,1.0,1.0,0.680851063829787,0.7745358090185676,0.6500000000000001,0.09999999999999998,0.5555555555555556,0.6771653543307085,0.681818181818182,0.680851063829787,0.64,0.6715686274509807,0.6858407079646016,0.7103448275862071
86.0,0.7408695652173914,0.31868131868131866,1.0,1.0,0.6702127659574468,0.769230769230769,0.6333333333333334,0.09999999999999998,0.5555555555555556,0.6771653543307085,0.6742424242424243,0.6702127659574468,0.64,0.6666666666666671,0.6858407079646016,0.7068965517241382
87.0,0.7304347826086954,0.31868131868131866,1.0,1.0,0.6489361702127661,0.7586206896551722,0.6166666666666668,0.09999999999999998,0.5555555555555556,0.6614173228346456,0.6666666666666671,0.6595744680851066,0.64,0.6568627450980392,0.6769911504424775,0.6862068965517242
89.0,0.7269565217391303,0.31868131868131866,1.0,1.0,0.6489361702127661,0.7533156498673741,0.6166666666666668,0.09999999999999998,0.5555555555555556,0.6614173228346456,0.6666666666666671,0.6595744680851066,0.64,0.6568627450980392,0.6681415929203537,0.6793103448275862
90.0,0.7199999999999996,0.31868131868131866,1.0,1.0,0.6276595744680853,0.7480106100795757,0.5833333333333334,0.09999999999999998,0.5185185185185184,0.6456692913385829,0.6515151515151515,0.6382978723404255,0.6200000000000001,0.6470588235294118,0.6504424778761058,0.6689655172413794
91.0,0.7165217391304348,0.31868131868131866,1.0,1.0,0.6170212765957446,0.745358090185676,0.5833333333333334,0.09999999999999998,0.5185185185185184,0.6377952755905515,0.6439393939393943,0.6382978723404255,0.6000000000000001,0.6372549019607844,0.6460176991150439,0.6620689655172414
92.0,0.7113043478260871,0.3131868131868133,1.0,1.0,0.6063829787234044,0.7400530503978777,0.5666666666666669,0.09999999999999998,0.5185185185185184,0.6299212598425195,0.6363636363636364,0.6276595744680853,0.6000000000000001,0.6323529411764707,0.632743362831858,0.6517241379310347
93.0,0.709565217391304,0.3131868131868133,1.0,1.0,0.6063829787234044,0.7374005305039786,0.5666666666666669,0.09999999999999998,0.5185185185185184,0.6299212598425195,0.6287878787878792,0.6276595744680853,0.6000000000000001,0.6274509803921569,0.6283185840707963,0.6482758620689656
94.0,0.7043478260869561,0.3131868131868133,1.0,1.0,0.5957446808510641,0.73209549071618,0.5666666666666669,0.09999999999999998,0.5185185185185184,0.6220472440944882,0.6212121212121215,0.6276595744680853,0.6000000000000001,0.6176470588235295,0.6238938053097344,0.641379310344828
95.0,0.7008695652173909,0.3131868131868133,1.0,1.0,0.5851063829787236,0.73209549071618,0.5500000000000002,0.09999999999999998,0.48148148148148145,0.6062992125984255,0.613636363636364,0.6063829787234044,0.5800000000000001,0.6127450980392161,0.6150442477876102,0.6344827586206899
96.0,0.697391304347826,0.3131868131868133,1.0,1.0,0.5851063829787236,0.7294429708222814,0.5500000000000002,0.09999999999999998,0.48148148148148145,0.6062992125984255,0.613636363636364,0.6063829787234044,0.5800000000000001,0.6078431372549022,0.6150442477876102,0.6310344827586211
97.0,0.6956521739130431,0.3076923076923079,1.0,1.0,0.5851063829787236,0.726790450928382,0.5500000000000002,0.09999999999999998,0.48148148148148145,0.6062992125984255,0.613636363636364,0.6063829787234044,0.5800000000000001,0.6078431372549022,0.6150442477876102,0.6310344827586211
98.0,0.6921739130434781,0.3076923076923079,1.0,1.0,0.5744680851063831,0.726790450928382,0.5333333333333334,0.09999999999999998,0.4444444444444444,0.590551181102362,0.606060606060606,0.5851063829787236,0.5599999999999999,0.6029411764705882,0.6061946902654867,0.624137931034483
99.0,0.6869565217391304,0.30219780219780235,1.0,1.0,0.5638297872340426,0.7214854111405837,0.5166666666666668,0.09999999999999998,0.4444444444444444,0.582677165354331,0.5984848484848486,0.5744680851063831,0.5599999999999999,0.5980392156862748,0.5929203539823006,0.6172413793103448
100.0,0.683478260869565,0.30219780219780235,1.0,1.0,0.5638297872340426,0.7188328912466844,0.5166666666666668,0.09999999999999998,0.4444444444444444,0.582677165354331,0.590909090909091,0.5744680851063831,0.5599999999999999,0.5931372549019611,0.5840707964601767,0.6103448275862068
101.0,0.6817391304347822,0.30219780219780235,1.0,1.0,0.5531914893617023,0.7188328912466844,0.5000000000000002,0.09999999999999998,0.4444444444444444,0.582677165354331,0.5833333333333337,0.5638297872340426,0.5599999999999999,0.5931372549019611,0.5840707964601767,0.6103448275862068
102.0,0.6747826086956521,0.2967032967032968,1.0,1.0,0.5531914893617023,0.7108753315649865,0.5000000000000002,0.09999999999999998,0.40740740740740744,0.5748031496062992,0.560606060606061,0.5531914893617023,0.54,0.5882352941176472,0.5752212389380528,0.6034482758620693
103.0,0.6713043478260868,0.2967032967032968,1.0,1.0,0.5425531914893618,0.7108753315649865,0.4833333333333335,0.09999999999999998,0.40740740740740744,0.5590551181102363,0.5530303030303031,0.5319148936170213,0.54,0.5833333333333337,0.5663716814159289,0.6000000000000001
104.0,0.6678260869565216,0.2912087912087913,1.0,1.0,0.5319148936170213,0.7082228116710876,0.46666666666666673,0.0,0.40740740740740744,0.551181102362205,0.5454545454545456,0.5212765957446808,0.54,0.57843137254902,0.5575221238938051,0.5931034482758619
105.0,0.6643478260869564,0.2857142857142858,1.0,1.0,0.5319148936170213,0.702917771883289,0.46666666666666673,0.0,0.40740740740740744,0.551181102362205,0.5454545454545456,0.5212765957446808,0.54,0.57843137254902,0.5486725663716814,0.5862068965517244
106.0,0.6556521739130434,0.2802197802197803,1.0,1.0,0.5106382978723406,0.6976127320954908,0.46666666666666673,0.0,0.3703703703703704,0.5354330708661419,0.5378787878787881,0.5106382978723406,0.49999999999999994,0.5686274509803922,0.5398230088495575,0.5758620689655175
107.0,0.6539130434782607,0.2802197802197803,1.0,1.0,0.5106382978723406,0.6949602122015912,0.46666666666666673,0.0,0.3703703703703704,0.5354330708661419,0.5378787878787881,0.5106382978723406,0.49999999999999994,0.5686274509803922,0.5398230088495575,0.5758620689655175
110.0,0.6504347826086957,0.27472527472527475,1.0,1.0,0.49999999999999994,0.6923076923076924,0.4500000000000001,0.0,0.33333333333333337,0.5275590551181101,0.5303030303030306,0.49999999999999994,0.4800000000000001,0.5588235294117649,0.5353982300884955,0.5724137931034485
111.0,0.6486956521739131,0.27472527472527475,1.0,1.0,0.48936170212765967,0.6923076923076924,0.4333333333333335,0.0,0.33333333333333337,0.5196850393700786,0.522727272727273,0.48936170212765967,0.4800000000000001,0.5539215686274513,0.5309734513274333,0.5689655172413792
113.0,0.64695652173913,0.27472527472527475,1.0,1.0,0.4787234042553191,0.6923076923076924,0.4333333333333335,0.0,0.33333333333333337,0.5118110236220471,0.522727272727273,0.48936170212765967,0.4800000000000001,0.5490196078431372,0.5309734513274333,0.5655172413793106
115.0,0.6382608695652174,0.26373626373626385,1.0,1.0,0.4680851063829787,0.6843501326259945,0.4333333333333335,0.0,0.33333333333333337,0.5039370078740156,0.5151515151515155,0.48936170212765967,0.46,0.5392156862745101,0.5265486725663716,0.5586206896551722
116.0,0.634782608695652,0.2527472527472528,1.0,1.0,0.4680851063829787,0.679045092838196,0.4333333333333335,0.0,0.33333333333333337,0.5039370078740156,0.5151515151515155,0.48936170212765967,0.46,0.5392156862745101,0.5265486725663716,0.5551724137931036
118.0,0.6330434782608694,0.2527472527472528,1.0,1.0,0.4680851063829787,0.6763925729442968,0.4333333333333335,0.0,0.33333333333333337,0.5039370078740156,0.5075757575757576,0.48936170212765967,0.46,0.5392156862745101,0.5265486725663716,0.5551724137931036
119.0,0.6260869565217391,0.24725274725274726,1.0,1.0,0.4680851063829787,0.6684350132625995,0.4333333333333335,0.0,0.33333333333333337,0.49606299212598426,0.49999999999999994,0.48936170212765967,0.46,0.5343137254901961,0.5221238938053098,0.5448275862068966
120.0,0.6208695652173909,0.24725274725274726,1.0,1.0,0.4680851063829787,0.6631299734748007,0.4333333333333335,0.0,0.33333333333333337,0.48818897637795283,0.49999999999999994,0.48936170212765967,0.4400000000000001,0.5343137254901961,0.5176991150442477,0.5413793103448274
121.0,0.6156521739130432,0.24725274725274726,1.0,1.0,0.4680851063829787,0.6578249336870028,0.4333333333333335,0.0,0.33333333333333337,0.48818897637795283,0.49242424242424243,0.48936170212765967,0.4400000000000001,0.5196078431372549,0.5132743362831856,0.531034482758621
122.0,0.6086956521739126,0.24175824175824176,1.0,1.0,0.4680851063829787,0.6498673740053053,0.4333333333333335,0.0,0.33333333333333337,0.48818897637795283,0.49242424242424243,0.48936170212765967,0.42000000000000004,0.5147058823529412,0.5132743362831856,0.5241379310344828
123.0,0.6034782608695651,0.24175824175824176,1.0,1.0,0.44680851063829796,0.6498673740053053,0.40000000000000013,0.0,0.33333333333333337,0.48818897637795283,0.47727272727272735,0.4680851063829787,0.42000000000000004,0.5147058823529412,0.5088495575221238,0.5241379310344828
124.0,0.6000000000000001,0.24175824175824176,1.0,1.0,0.44680851063829796,0.6472148541114059,0.40000000000000013,0.0,0.2962962962962962,0.48031496062992135,0.47727272727272735,0.4574468085106383,0.39999999999999997,0.5147058823529412,0.5044247787610618,0.5206896551724138
126.0,0.5982608695652171,0.2362637362637363,1.0,1.0,0.44680851063829796,0.6472148541114059,0.40000000000000013,0.0,0.2962962962962962,0.47244094488188965,0.47727272727272735,0.44680851063829796,0.39999999999999997,0.5147058823529412,0.49999999999999994,0.5206896551724138
127.0,0.5965217391304344,0.2362637362637363,1.0,1.0,0.4361702127659575,0.6472148541114059,0.3833333333333334,0.0,0.2962962962962962,0.46456692913385844,0.4696969696969699,0.4361702127659575,0.39999999999999997,0.5098039215686275,0.4955752212389377,0.5172413793103448
129.0,0.5947826086956518,0.2362637362637363,1.0,1.0,0.4361702127659575,0.6445623342175064,0.3833333333333334,0.0,0.2962962962962962,0.46456692913385844,0.4696969696969699,0.4361702127659575,0.39999999999999997,0.5098039215686275,0.4955752212389377,0.5172413793103448
130.0,0.5913043478260871,0.2362637362637363,1.0,1.0,0.4361702127659575,0.639257294429708,0.3833333333333334,0.0,0.2962962962962962,0.46456692913385844,0.4696969696969699,0.4361702127659575,0.39999999999999997,0.5098039215686275,0.4911504424778758,0.513793103448276
131.0,0.589565217391304,0.2362637362637363,1.0,1.0,0.4361702127659575,0.6366047745358089,0.3833333333333334,0.0,0.2962962962962962,0.46456692913385844,0.4696969696969699,0.4361702127659575,0.39999999999999997,0.5098039215686275,0.48672566371681414,0.5103448275862068
132.0,0.5878260869565216,0.2362637362637363,1.0,1.0,0.4361702127659575,0.63395225464191,0.3833333333333334,0.0,0.2962962962962962,0.46456692913385844,0.4696969696969699,0.4361702127659575,0.39999999999999997,0.5098039215686275,0.48672566371681414,0.5103448275862068
133.0,0.5860869565217389,0.2362637362637363,0.9923664122137406,1.0,0.4361702127659575,0.63395225464191,0.3833333333333334,0.0,0.2962962962962962,0.4566929133858267,0.4696969696969699,0.425531914893617,0.39999999999999997,0.5098039215686275,0.4823008849557519,0.5103448275862068
134.0,0.5843478260869563,0.2362637362637363,0.9847328244274811,1.0,0.4361702127659575,0.6312997347480107,0.3833333333333334,0.0,0.2962962962962962,0.4566929133858267,0.4696969696969699,0.425531914893617,0.39999999999999997,0.5098039215686275,0.4823008849557519,0.5103448275862068
136.0,0.5808695652173914,0.2362637362637363,0.9847328244274811,1.0,0.425531914893617,0.6312997347480107,0.3833333333333334,0.0,0.25925925925925924,0.44881889763779537,0.4696969696969699,0.4148936170212766,0.37999999999999995,0.5049019607843139,0.4823008849557519,0.5068965517241378
137.0,0.5791304347826086,0.2362637362637363,0.9847328244274811,1.0,0.425531914893617,0.6286472148541116,0.3833333333333334,0.0,0.25925925925925924,0.44881889763779537,0.4696969696969699,0.4148936170212766,0.37999999999999995,0.5049019607843139,0.4823008849557519,0.5068965517241378
138.0,0.5773913043478257,0.2362637362637363,0.9847328244274811,1.0,0.425531914893617,0.6259946949602124,0.3833333333333334,0.0,0.25925925925925924,0.44881889763779537,0.4621212121212123,0.4148936170212766,0.37999999999999995,0.49999999999999994,0.47787610619469023,0.5068965517241378
139.0,0.5756521739130434,0.2362637362637363,0.9847328244274811,1.0,0.425531914893617,0.623342175066313,0.3833333333333334,0.0,0.25925925925925924,0.44881889763779537,0.4621212121212123,0.4148936170212766,0.37999999999999995,0.49999999999999994,0.473451327433628,0.5068965517241378
140.0,0.5739130434782606,0.2362637362637363,0.9847328244274811,1.0,0.425531914893617,0.6206896551724139,0.3833333333333334,0.0,0.25925925925925924,0.44881889763779537,0.4621212121212123,0.4148936170212766,0.37999999999999995,0.49999999999999994,0.473451327433628,0.5068965517241378
142.0,0.5686956521739129,0.2362637362637363,0.9847328244274811,1.0,0.425531914893617,0.6127320954907159,0.3833333333333334,0.0,0.25925925925925924,0.44881889763779537,0.4621212121212123,0.4148936170212766,0.37999999999999995,0.49999999999999994,0.46460176991150415,0.503448275862069
143.0,0.5652173913043476,0.23076923076923084,0.9847328244274811,1.0,0.425531914893617,0.610079575596817,0.3833333333333334,0.0,0.25925925925925924,0.440944881889764,0.4621212121212123,0.40425531914893614,0.37999999999999995,0.49999999999999994,0.46017699115044225,0.49999999999999994
144.0,0.5599999999999999,0.23076923076923084,0.9847328244274811,1.0,0.425531914893617,0.6021220159151195,0.3833333333333334,0.0,0.25925925925925924,0.440944881889764,0.45454545454545453,0.40425531914893614,0.37999999999999995,0.49509803921568657,0.4557522123893804,0.49310344827586194
147.0,0.5582608695652173,0.22527472527472536,0.9847328244274811,1.0,0.4148936170212766,0.6021220159151195,0.36666666666666686,0.0,0.25925925925925924,0.440944881889764,0.4469696969696972,0.39361702127659576,0.37999999999999995,0.49509803921568657,0.4557522123893804,0.49310344827586194
148.0,0.5547826086956519,0.22527472527472536,0.9770992366412214,1.0,0.40425531914893614,0.5994694960212202,0.3500000000000001,0.0,0.25925925925925924,0.4330708661417324,0.4393939393939394,0.3829787234042553,0.37999999999999995,0.4901960784313729,0.45132743362831823,0.4862068965517243
150.0,0.5530434782608695,0.22527472527472536,0.9770992366412214,1.0,0.40425531914893614,0.5968169761273209,0.3500000000000001,0.0,0.25925925925925924,0.4330708661417324,0.431818181818182,0.3829787234042553,0.37999999999999995,0.48529411764705893,0.4469026548672566,0.482758620689655
151.0,0.5513043478260866,0.22527472527472536,0.9770992366412214,1.0,0.39361702127659576,0.5968169761273209,0.33333333333333337,0.0,0.25925925925925924,0.42519685039370086,0.42424242424242453,0.3723404255319149,0.37999999999999995,0.48039215686274545,0.4424778761061947,0.4793103448275861
152.0,0.5495652173913043,0.22527472527472536,0.9770992366412214,1.0,0.39361702127659576,0.5941644562334215,0.33333333333333337,0.0,0.25925925925925924,0.42519685039370086,0.4166666666666669,0.3723404255319149,0.37999999999999995,0.4754901960784315,0.43805309734513254,0.47586206896551747
153.0,0.5478260869565216,0.22527472527472536,0.9770992366412214,1.0,0.3829787234042553,0.5941644562334215,0.3166666666666667,0.0,0.25925925925925924,0.4173228346456694,0.4090909090909093,0.36170212765957455,0.37999999999999995,0.47058823529411775,0.4336283185840708,0.4724137931034484
154.0,0.5460869565217389,0.22527472527472536,0.9694656488549621,1.0,0.3829787234042553,0.5915119363395225,0.3166666666666667,0.0,0.25925925925925924,0.4173228346456694,0.4090909090909093,0.36170212765957455,0.37999999999999995,0.47058823529411775,0.4336283185840708,0.4724137931034484
155.0,0.5443478260869562,0.22527472527472536,0.9694656488549621,1.0,0.3829787234042553,0.5888594164456232,0.3166666666666667,0.0,0.25925925925925924,0.4173228346456694,0.4090909090909093,0.36170212765957455,0.37999999999999995,0.47058823529411775,0.4336283185840708,0.4689655172413795
156.0,0.5391304347826087,0.2142857142857143,0.9694656488549621,1.0,0.3829787234042553,0.5809018567639257,0.3166666666666667,0.0,0.25925925925925924,0.4173228346456694,0.40151515151515166,0.36170212765957455,0.37999999999999995,0.46078431372549034,0.4292035398230087,0.4620689655172413
157.0,0.5373913043478262,0.2142857142857143,0.9694656488549621,1.0,0.3829787234042553,0.5782493368700263,0.3166666666666667,0.0,0.25925925925925924,0.4173228346456694,0.40151515151515166,0.36170212765957455,0.37999999999999995,0.46078431372549034,0.4292035398230087,0.4620689655172413
159.0,0.532173913043478,0.20329670329670332,0.9694656488549621,1.0,0.3829787234042553,0.5702917771883287,0.3166666666666667,0.0,0.25925925925925924,0.4173228346456694,0.38636363636363646,0.36170212765957455,0.37999999999999995,0.4558823529411768,0.4247787610619467,0.45517241379310336
161.0,0.528695652173913,0.20329670329670332,0.9694656488549621,1.0,0.3723404255319149,0.5676392572944294,0.30000000000000004,0.0,0.25925925925925924,0.4094488188976379,0.37878787878787884,0.35106382978723405,0.37999999999999995,0.450980392156863,0.4203539823008848,0.4517241379310344
162.0,0.5252173913043477,0.20329670329670332,0.9694656488549621,1.0,0.3723404255319149,0.5623342175066312,0.30000000000000004,0.0,0.25925925925925924,0.4094488188976379,0.3636363636363638,0.35106382978723405,0.37999999999999995,0.44607843137254904,0.4159292035398228,0.44827586206896547
164.0,0.5200000000000001,0.20329670329670332,0.9618320610687027,1.0,0.3723404255319149,0.5543766578249336,0.30000000000000004,0.0,0.25925925925925924,0.4094488188976379,0.3636363636363638,0.35106382978723405,0.37999999999999995,0.44607843137254904,0.4159292035398228,0.4413793103448275
166.0,0.5165217391304348,0.20329670329670332,0.9541984732824434,1.0,0.3723404255319149,0.5490716180371351,0.30000000000000004,0.0,0.25925925925925924,0.4094488188976379,0.3560606060606061,0.35106382978723405,0.37999999999999995,0.43627450980392163,0.4115044247787611,0.4344827586206897
167.0,0.5130434782608696,0.19780219780219782,0.9465648854961838,1.0,0.3723404255319149,0.5464190981432361,0.30000000000000004,0.0,0.25925925925925924,0.4015748031496063,0.3560606060606061,0.35106382978723405,0.37999999999999995,0.43627450980392163,0.407079646017699,0.42758620689655186
168.0,0.5060869565217392,0.19230769230769232,0.9465648854961838,1.0,0.36170212765957455,0.5384615384615383,0.28333333333333344,0.0,0.2222222222222222,0.39370078740157477,0.34090909090909094,0.34042553191489366,0.36,0.42647058823529427,0.4026548672566369,0.42758620689655186
169.0,0.5043478260869564,0.19230769230769232,0.9389312977099236,1.0,0.36170212765957455,0.5384615384615383,0.28333333333333344,0.0,0.2222222222222222,0.39370078740157477,0.34090909090909094,0.34042553191489366,0.36,0.42156862745098034,0.4026548672566369,0.4241379310344826
170.0,0.4991304347826087,0.19230769230769232,0.9236641221374051,1.0,0.36170212765957455,0.5331564986737399,0.28333333333333344,0.0,0.2222222222222222,0.39370078740157477,0.33333333333333337,0.34042553191489366,0.36,0.4166666666666669,0.39380530973451305,0.4206896551724139
171.0,0.49739130434782586,0.19230769230769232,0.9236641221374051,1.0,0.36170212765957455,0.5305039787798406,0.28333333333333344,0.0,0.2222222222222222,0.39370078740157477,0.33333333333333337,0.34042553191489366,0.36,0.4166666666666669,0.39380530973451305,0.4206896551724139
174.0,0.4956521739130435,0.19230769230769232,0.9160305343511452,1.0,0.36170212765957455,0.5278514588859415,0.28333333333333344,0.0,0.2222222222222222,0.39370078740157477,0.33333333333333337,0.34042553191489366,0.36,0.4166666666666669,0.39380530973451305,0.417241379310345
175.0,0.49043478260869566,0.18681318681318687,0.908396946564886,1.0,0.35106382978723405,0.5225464190981431,0.28333333333333344,0.0,0.2222222222222222,0.39370078740157477,0.33333333333333337,0.34042553191489366,0.36,0.4166666666666669,0.39380530973451305,0.41379310344827586
176.0,0.4869565217391301,0.18681318681318687,0.9007633587786266,1.0,0.35106382978723405,0.5198938992042438,0.28333333333333344,0.0,0.2222222222222222,0.39370078740157477,0.33333333333333337,0.34042553191489366,0.36,0.4068627450980395,0.39380530973451305,0.40689655172413813
177.0,0.4852173913043476,0.18681318681318687,0.8931297709923669,1.0,0.35106382978723405,0.5172413793103448,0.28333333333333344,0.0,0.2222222222222222,0.39370078740157477,0.33333333333333337,0.34042553191489366,0.36,0.4019607843137257,0.39380530973451305,0.40689655172413813
180.0,0.4817391304347825,0.18131868131868137,0.8931297709923669,1.0,0.35106382978723405,0.5119363395225464,0.28333333333333344,0.0,0.2222222222222222,0.39370078740157477,0.33333333333333337,0.34042553191489366,0.36,0.4019607843137257,0.39380530973451305,0.40689655172413813
181.0,0.47826086956521746,0.17582417582417587,0.885496183206107,1.0,0.35106382978723405,0.5092838196286471,0.28333333333333344,0.0,0.2222222222222222,0.3858267716535433,0.33333333333333337,0.3297872340425532,0.36,0.4019607843137257,0.3893805309734513,0.4034482758620691
182.0,0.4765217391304348,0.17582417582417587,0.885496183206107,1.0,0.35106382978723405,0.506631299734748,0.28333333333333344,0.0,0.2222222222222222,0.3858267716535433,0.33333333333333337,0.3297872340425532,0.36,0.4019607843137257,0.38495575221238926,0.4034482758620691
183.0,0.4747826086956521,0.17582417582417587,0.885496183206107,1.0,0.35106382978723405,0.506631299734748,0.28333333333333344,0.0,0.2222222222222222,0.3858267716535433,0.33333333333333337,0.3297872340425532,0.36,0.4019607843137257,0.38495575221238926,0.4034482758620691
184.0,0.46956521739130436,0.17582417582417587,0.8702290076335882,1.0,0.34042553191489366,0.506631299734748,0.28333333333333344,0.0,0.2222222222222222,0.3779527559055119,0.33333333333333337,0.3297872340425532,0.36,0.392156862745098,0.38053097345132714,0.3965517241379311
186.0,0.4660869565217389,0.17582417582417587,0.8625954198473288,1.0,0.34042553191489366,0.5039787798408487,0.28333333333333344,0.0,0.2222222222222222,0.37007874015748027,0.33333333333333337,0.3297872340425532,0.3400000000000001,0.392156862745098,0.38053097345132714,0.3931034482758622
187.0,0.46434782608695646,0.17582417582417587,0.8549618320610687,1.0,0.34042553191489366,0.5039787798408487,0.28333333333333344,0.0,0.2222222222222222,0.37007874015748027,0.33333333333333337,0.3297872340425532,0.3400000000000001,0.392156862745098,0.38053097345132714,0.3931034482758622
188.0,0.4608695652173911,0.17582417582417587,0.8549618320610687,1.0,0.34042553191489366,0.4986737400530504,0.28333333333333344,0.0,0.2222222222222222,0.37007874015748027,0.33333333333333337,0.3297872340425532,0.3400000000000001,0.38725490196078444,0.37610619469026546,0.386206896551724
189.0,0.4591304347826085,0.17582417582417587,0.8549618320610687,1.0,0.3297872340425532,0.4986737400530504,0.2666666666666667,0.0,0.2222222222222222,0.3622047244094489,0.32575757575757586,0.31914893617021284,0.3400000000000001,0.3823529411764707,0.37168141592920334,0.3827586206896551
190.0,0.45565217391304325,0.17582417582417587,0.8473282442748092,1.0,0.3297872340425532,0.49336870026525215,0.2666666666666667,0.0,0.2222222222222222,0.3622047244094489,0.32575757575757586,0.31914893617021284,0.3400000000000001,0.3774509803921571,0.37168141592920334,0.37931034482758635
191.0,0.4539130434782609,0.17582417582417587,0.8396946564885502,1.0,0.3297872340425532,0.49336870026525215,0.2666666666666667,0.0,0.2222222222222222,0.3622047244094489,0.32575757575757586,0.31914893617021284,0.3400000000000001,0.3774509803921571,0.3672566371681416,0.37931034482758635
192.0,0.45043478260869535,0.17582417582417587,0.8320610687022901,1.0,0.3297872340425532,0.48806366047745364,0.2666666666666667,0.0,0.2222222222222222,0.3622047244094489,0.32575757575757586,0.31914893617021284,0.3400000000000001,0.3774509803921571,0.3628318584070796,0.3758620689655172
193.0,0.4486956521739129,0.17582417582417587,0.8320610687022901,1.0,0.3297872340425532,0.4854111405835545,0.2666666666666667,0.0,0.2222222222222222,0.3622047244094489,0.32575757575757586,0.31914893617021284,0.3400000000000001,0.3774509803921571,0.3628318584070796,0.3758620689655172
196.0,0.4469565217391305,0.17582417582417587,0.824427480916031,1.0,0.31914893617021284,0.4854111405835545,0.2666666666666667,0.0,0.2222222222222222,0.3543307086614173,0.32575757575757586,0.31914893617021284,0.3400000000000001,0.37254901960784326,0.3628318584070796,0.3724137931034484
198.0,0.44347826086956493,0.17582417582417587,0.816793893129771,1.0,0.3085106382978724,0.482758620689655,0.2666666666666667,0.0,0.2222222222222222,0.3543307086614173,0.32575757575757586,0.31914893617021284,0.3400000000000001,0.37254901960784326,0.3628318584070796,0.3724137931034484
199.0,0.4417391304347825,0.17582417582417587,0.8091603053435116,1.0,0.3085106382978724,0.48010610079575605,0.2666666666666667,0.0,0.2222222222222222,0.3543307086614173,0.32575757575757586,0.31914893617021284,0.3400000000000001,0.37254901960784326,0.3628318584070796,0.3689655172413792
200.0,0.43999999999999995,0.17582417582417587,0.8015267175572519,1.0,0.3085106382978724,0.47745358090185674,0.2666666666666667,0.0,0.2222222222222222,0.3543307086614173,0.32575757575757586,0.31914893617021284,0.3400000000000001,0.37254901960784326,0.3628318584070796,0.3689655172413792
203.0,0.4365217391304345,0.17032967032967036,0.7938931297709925,1.0,0.2978723404255319,0.47745358090185674,0.25000000000000006,0.0,0.2222222222222222,0.3464566929133858,0.3181818181818183,0.3085106382978724,0.32,0.36764705882352944,0.3584070796460177,0.3655172413793103
204.0,0.4347826086956519,0.17032967032967036,0.7862595419847331,1.0,0.2978723404255319,0.4748010610079575,0.25000000000000006,0.0,0.2222222222222222,0.3464566929133858,0.3106060606060607,0.3085106382978724,0.32,0.36274509803921595,0.35398230088495547,0.3655172413793103
207.0,0.43304347826086936,0.1648351648351649,0.7862595419847331,1.0,0.2978723404255319,0.47214854111405824,0.25000000000000006,0.0,0.2222222222222222,0.3464566929133858,0.3106060606060607,0.3085106382978724,0.32,0.357843137254902,0.35398230088495547,0.3620689655172413
208.0,0.43130434782608695,0.1648351648351649,0.7786259541984732,1.0,0.2978723404255319,0.46949602122015893,0.25000000000000006,0.0,0.2222222222222222,0.3464566929133858,0.3106060606060607,0.3085106382978724,0.32,0.357843137254902,0.35398230088495547,0.3586206896551724
209.0,0.4295652173913044,0.1648351648351649,0.7786259541984732,1.0,0.2978723404255319,0.4668435013262597,0.25000000000000006,0.0,0.2222222222222222,0.3464566929133858,0.3106060606060607,0.3085106382978724,0.32,0.357843137254902,0.35398230088495547,0.3586206896551724
210.0,0.4260869565217392,0.1648351648351649,0.7633587786259548,1.0,0.2978723404255319,0.4615384615384615,0.25000000000000006,0.0,0.2222222222222222,0.3464566929133858,0.3106060606060607,0.3085106382978724,0.32,0.3480392156862746,0.35398230088495547,0.35172413793103435
211.0,0.42434782608695654,0.15934065934065939,0.7633587786259548,1.0,0.2978723404255319,0.4588859416445624,0.25000000000000006,0.0,0.2222222222222222,0.3464566929133858,0.3106060606060607,0.3085106382978724,0.32,0.3480392156862746,0.3495575221238937,0.35172413793103435
212.0,0.42260869565217374,0.15934065934065939,0.7557251908396948,1.0,0.2872340425531915,0.4588859416445624,0.25000000000000006,0.0,0.2222222222222222,0.33858267716535434,0.3106060606060607,0.3085106382978724,0.30000000000000004,0.343137254901961,0.3495575221238937,0.34827586206896566
215.0,0.42086956521739133,0.15934065934065939,0.7480916030534357,1.0,0.2872340425531915,0.4588859416445624,0.25000000000000006,0.0,0.2222222222222222,0.3307086614173229,0.3106060606060607,0.3085106382978724,0.30000000000000004,0.343137254901961,0.3495575221238937,0.34827586206896566
216.0,0.41913043478260853,0.15934065934065939,0.7480916030534357,1.0,0.2872340425531915,0.4588859416445624,0.25000000000000006,0.0,0.2222222222222222,0.3307086614173229,0.3030303030303031,0.3085106382978724,0.30000000000000004,0.33823529411764724,0.34513274336283173,0.34482758620689674
217.0,0.41739130434782595,0.15934065934065939,0.7404580152671758,1.0,0.2872340425531915,0.45623342175066295,0.25000000000000006,0.0,0.2222222222222222,0.3307086614173229,0.3030303030303031,0.3085106382978724,0.30000000000000004,0.33823529411764724,0.34513274336283173,0.3413793103448276
218.0,0.41565217391304354,0.15934065934065939,0.7328244274809163,1.0,0.27659574468085113,0.45623342175066295,0.25000000000000006,0.0,0.2222222222222222,0.32283464566929143,0.3030303030303031,0.3085106382978724,0.30000000000000004,0.33333333333333354,0.34513274336283173,0.3379310344827588
220.0,0.40869565217391296,0.15934065934065939,0.7251908396946567,1.0,0.26595744680851063,0.4535809018567641,0.23333333333333334,0.0,0.14814814814814814,0.30708661417322836,0.2954545454545455,0.27659574468085113,0.26,0.3284313725490196,0.3362831858407078,0.3344827586206897
222.0,0.40695652173913044,0.15934065934065939,0.7251908396946567,1.0,0.26595744680851063,0.4509283819628648,0.23333333333333334,0.0,0.14814814814814814,0.30708661417322836,0.2954545454545455,0.27659574468085113,0.26,0.3284313725490196,0.3362831858407078,0.3344827586206897
224.0,0.4017391304347824,0.15934065934065939,0.7175572519083971,1.0,0.26595744680851063,0.44562334217506616,0.23333333333333334,0.0,0.14814814814814814,0.30708661417322836,0.2954545454545455,0.27659574468085113,0.26,0.32352941176470584,0.3318584070796458,0.3344827586206897
225.0,0.39999999999999997,0.15934065934065939,0.7175572519083971,1.0,0.25531914893617025,0.44562334217506616,0.21666666666666673,0.0,0.14814814814814814,0.2992125984251968,0.2878787878787879,0.26595744680851063,0.26,0.31862745098039214,0.3274336283185841,0.3310344827586207
226.0,0.3947826086956522,0.15934065934065939,0.7175572519083971,1.0,0.25531914893617025,0.44031830238726805,0.21666666666666673,0.0,0.14814814814814814,0.29133858267716534,0.2878787878787879,0.25531914893617025,0.26,0.3137254901960784,0.31858407079646006,0.3275862068965517
227.0,0.39130434782608686,0.15934065934065939,0.7099236641221379,1.0,0.25531914893617025,0.4350132625994696,0.21666666666666673,0.0,0.14814814814814814,0.29133858267716534,0.2878787878787879,0.25531914893617025,0.26,0.3137254901960784,0.31415929203539816,0.3275862068965517
228.0,0.38782608695652165,0.15934065934065939,0.7022900763358783,1.0,0.25531914893617025,0.42970822281167087,0.21666666666666673,0.0,0.14814814814814814,0.29133858267716534,0.2878787878787879,0.25531914893617025,0.26,0.3137254901960784,0.31415929203539816,0.3241379310344828
231.0,0.382608695652174,0.15384615384615385,0.6946564885496184,1.0,0.2446808510638298,0.4270557029177719,0.20000000000000007,0.0,0.14814814814814814,0.2755905511811023,0.28030303030303033,0.2446808510638298,0.26,0.3088235294117648,0.30973451327433627,0.32068965517241393
232.0,0.37913043478260855,0.15384615384615385,0.6946564885496184,1.0,0.2446808510638298,0.42175066312997345,0.20000000000000007,0.0,0.14814814814814814,0.2755905511811023,0.28030303030303033,0.2446808510638298,0.26,0.3088235294117648,0.30973451327433627,0.32068965517241393
233.0,0.3756521739130435,0.15384615384615385,0.6793893129770994,1.0,0.2446808510638298,0.41909814323607425,0.20000000000000007,0.0,0.14814814814814814,0.26771653543307095,0.28030303030303033,0.23404255319148942,0.26,0.3088235294117648,0.30088495575221236,0.32068965517241393
237.0,0.37391304347826065,0.15384615384615385,0.6717557251908401,1.0,0.2446808510638298,0.41909814323607425,0.20000000000000007,0.0,0.14814814814814814,0.26771653543307095,0.27272727272727276,0.23404255319148942,0.26,0.3039215686274511,0.29646017699115024,0.32068965517241393
238.0,0.3721739130434781,0.15384615384615385,0.6641221374045804,1.0,0.2446808510638298,0.4164456233421749,0.20000000000000007,0.0,0.14814814814814814,0.26771653543307095,0.27272727272727276,0.23404255319148942,0.26,0.3039215686274511,0.2920353982300883,0.32068965517241393
239.0,0.37043478260869567,0.14835164835164838,0.6641221374045804,1.0,0.2446808510638298,0.4164456233421749,0.20000000000000007,0.0,0.14814814814814814,0.26771653543307095,0.27272727272727276,0.23404255319148942,0.24000000000000005,0.3039215686274511,0.2920353982300883,0.32068965517241393
242.0,0.3669565217391304,0.14835164835164838,0.6488549618320615,1.0,0.23404255319148942,0.4164456233421749,0.20000000000000007,0.0,0.14814814814814814,0.25196850393700787,0.27272727272727276,0.22340425531914895,0.22000000000000006,0.29901960784313736,0.2876106194690264,0.3172413793103449
243.0,0.3634782608695651,0.1428571428571429,0.6412213740458016,1.0,0.23404255319148942,0.41114058355437666,0.20000000000000007,0.0,0.14814814814814814,0.25196850393700787,0.27272727272727276,0.22340425531914895,0.22000000000000006,0.29901960784313736,0.28318584070796443,0.3137931034482758
244.0,0.3617391304347825,0.1428571428571429,0.6335877862595425,1.0,0.23404255319148942,0.4084880636604776,0.20000000000000007,0.0,0.14814814814814814,0.25196850393700787,0.27272727272727276,0.22340425531914895,0.22000000000000006,0.29901960784313736,0.27876106194690253,0.3137931034482758
245.0,0.35826086956521735,0.1428571428571429,0.6183206106870234,1.0,0.23404255319148942,0.403183023872679,0.20000000000000007,0.0,0.14814814814814814,0.25196850393700787,0.27272727272727276,0.22340425531914895,0.22000000000000006,0.29901960784313736,0.27876106194690253,0.3137931034482758
246.0,0.3565217391304348,0.1428571428571429,0.6183206106870234,1.0,0.23404255319148942,0.40053050397877976,0.20000000000000007,0.0,0.14814814814814814,0.25196850393700787,0.27272727272727276,0.22340425531914895,0.22000000000000006,0.29901960784313736,0.27876106194690253,0.3137931034482758
248.0,0.354782608695652,0.13736263736263737,0.6183206106870234,1.0,0.23404255319148942,0.3978779840848805,0.20000000000000007,0.0,0.14814814814814814,0.25196850393700787,0.27272727272727276,0.22340425531914895,0.22000000000000006,0.29901960784313736,0.27876106194690253,0.3137931034482758
250.0,0.3530434782608694,0.13736263736263737,0.6183206106870234,1.0,0.23404255319148942,0.3952254641909814,0.20000000000000007,0.0,0.14814814814814814,0.25196850393700787,0.27272727272727276,0.22340425531914895,0.22000000000000006,0.29901960784313736,0.27433628318584063,0.3103448275862069
253.0,0.351304347826087,0.1318681318681319,0.6183206106870234,1.0,0.23404255319148942,0.39257294429708206,0.20000000000000007,0.0,0.14814814814814814,0.25196850393700787,0.27272727272727276,0.22340425531914895,0.22000000000000006,0.29411764705882354,0.27433628318584063,0.3068965517241379
255.0,0.3478260869565215,0.1318681318681319,0.6106870229007634,1.0,0.23404255319148942,0.38992042440318286,0.20000000000000007,0.0,0.14814814814814814,0.24409448818897642,0.27272727272727276,0.21276595744680848,0.22000000000000006,0.29411764705882354,0.2699115044247787,0.3068965517241379
256.0,0.346086956521739,0.1263736263736264,0.6106870229007634,1.0,0.23404255319148942,0.3872679045092837,0.20000000000000007,0.0,0.14814814814814814,0.24409448818897642,0.27272727272727276,0.21276595744680848,0.22000000000000006,0.29411764705882354,0.26548672566371667,0.3068965517241379
259.0,0.34260869565217383,0.1263736263736264,0.603053435114504,1.0,0.23404255319148942,0.3819628647214854,0.20000000000000007,0.0,0.14814814814814814,0.24409448818897642,0.2651515151515152,0.21276595744680848,0.22000000000000006,0.28921568627450994,0.26106194690265483,0.30000000000000004
260.0,0.3391304347826086,0.1263736263736264,0.5877862595419852,1.0,0.22340425531914895,0.379310344827586,0.20000000000000007,0.0,0.14814814814814814,0.2362204724409449,0.2651515151515152,0.21276595744680848,0.20000000000000007,0.2843137254901961,0.26106194690265483,0.29655172413793096
267.0,0.33739130434782605,0.1263736263736264,0.5801526717557254,1.0,0.22340425531914895,0.376657824933687,0.20000000000000007,0.0,0.14814814814814814,0.2362204724409449,0.2651515151515152,0.21276595744680848,0.20000000000000007,0.2843137254901961,0.26106194690265483,0.29655172413793096
268.0,0.3339130434782608,0.1263736263736264,0.5725190839694657,1.0,0.22340425531914895,0.3740053050397878,0.20000000000000007,0.0,0.14814814814814814,0.22834645669291342,0.2651515151515152,0.21276595744680848,0.20000000000000007,0.27941176470588247,0.26106194690265483,0.28965517241379307
273.0,0.3321739130434782,0.1263736263736264,0.5648854961832066,1.0,0.22340425531914895,0.3740053050397878,0.20000000000000007,0.0,0.14814814814814814,0.22834645669291342,0.2651515151515152,0.21276595744680848,0.20000000000000007,0.2745098039215688,0.26106194690265483,0.28620689655172427
274.0,0.32695652173913037,0.1263736263736264,0.5648854961832066,1.0,0.21276595744680848,0.36870026525198923,0.1833333333333334,0.0,0.11111111111111115,0.2204724409448819,0.2424242424242425,0.20212765957446807,0.18000000000000005,0.2598039215686276,0.24778761061946905,0.2793103448275863
276.0,0.3252173913043478,0.1263736263736264,0.5648854961832066,1.0,0.21276595744680848,0.36604774535809026,0.1833333333333334,0.0,0.11111111111111115,0.2204724409448819,0.2424242424242425,0.20212765957446807,0.18000000000000005,0.2598039215686276,0.24336283185840707,0.2758620689655172
279.0,0.32347826086956527,0.1263736263736264,0.5648854961832066,1.0,0.21276595744680848,0.36604774535809026,0.1833333333333334,0.0,0.07407407407407407,0.21259842519685043,0.2424242424242425,0.19148936170212763,0.15999999999999998,0.2598039215686276,0.2389380530973451,0.2724137931034483
280.0,0.3217391304347824,0.1263736263736264,0.5572519083969467,1.0,0.21276595744680848,0.363395225464191,0.1833333333333334,0.0,0.07407407407407407,0.21259842519685043,0.2424242424242425,0.19148936170212763,0.15999999999999998,0.2598039215686276,0.2389380530973451,0.2724137931034483
282.0,0.32,0.1263736263736264,0.5572519083969467,1.0,0.21276595744680848,0.36074270557029187,0.1833333333333334,0.0,0.07407407407407407,0.21259842519685043,0.2424242424242425,0.19148936170212763,0.15999999999999998,0.2598039215686276,0.2389380530973451,0.26896551724137935
285.0,0.3147826086956522,0.1263736263736264,0.5496183206106873,1.0,0.21276595744680848,0.3527851458885941,0.1833333333333334,0.0,0.07407407407407407,0.21259842519685043,0.23484848484848492,0.19148936170212763,0.15999999999999998,0.2549019607843139,0.23451327433628313,0.2620689655172414
287.0,0.3130434782608695,0.1263736263736264,0.5419847328244277,1.0,0.21276595744680848,0.3501326259946948,0.1833333333333334,0.0,0.07407407407407407,0.21259842519685043,0.23484848484848492,0.19148936170212763,0.15999999999999998,0.25000000000000006,0.23451327433628313,0.2586206896551724
289.0,0.31130434782608685,0.1263736263736264,0.5419847328244277,1.0,0.21276595744680848,0.3474801061007956,0.1833333333333334,0.0,0.07407407407407407,0.21259842519685043,0.22727272727272735,0.19148936170212763,0.15999999999999998,0.24509803921568632,0.2300884955752212,0.25517241379310357
290.0,0.3078260869565216,0.1263736263736264,0.5419847328244277,1.0,0.21276595744680848,0.3448275862068964,0.1833333333333334,0.0,0.07407407407407407,0.21259842519685043,0.21969696969696978,0.18085106382978727,0.15999999999999998,0.24509803921568632,0.2300884955752212,0.25517241379310357
292.0,0.30608695652173895,0.1263736263736264,0.5419847328244277,1.0,0.21276595744680848,0.34217506631299727,0.1833333333333334,0.0,0.07407407407407407,0.21259842519685043,0.21969696969696978,0.18085106382978727,0.15999999999999998,0.24509803921568632,0.2300884955752212,0.25517241379310357
296.0,0.3043478260869566,0.1263736263736264,0.5419847328244277,1.0,0.21276595744680848,0.34217506631299727,0.1833333333333334,0.0,0.07407407407407407,0.20472440944881892,0.21969696969696978,0.18085106382978727,0.14,0.24509803921568632,0.2300884955752212,0.25517241379310357
297.0,0.30260869565217385,0.1263736263736264,0.5343511450381684,1.0,0.21276595744680848,0.339522546419098,0.1833333333333334,0.0,0.07407407407407407,0.20472440944881892,0.21969696969696978,0.18085106382978727,0.14,0.24019607843137258,0.2300884955752212,0.2517241379310345
299.0,0.30086956521739133,0.1263736263736264,0.5343511450381684,1.0,0.21276595744680848,0.3368700265251989,0.1833333333333334,0.0,0.07407407407407407,0.20472440944881892,0.21969696969696978,0.18085106382978727,0.14,0.24019607843137258,0.2300884955752212,0.24827586206896554
300.0,0.29913043478260853,0.1263736263736264,0.5343511450381684,1.0,0.21276595744680848,0.3368700265251989,0.1833333333333334,0.0,0.07407407407407407,0.20472440944881892,0.21212121212121215,0.18085106382978727,0.14,0.23529411764705896,0.2256637168141592,0.2448275862068966
306.0,0.2956521739130435,0.12087912087912094,0.5267175572519087,1.0,0.20212765957446807,0.3342175066312997,0.16666666666666674,0.0,0.037037037037037035,0.19685039370078738,0.2045454545454546,0.1702127659574468,0.12000000000000001,0.22549019607843146,0.22123893805309724,0.2379310344827587
307.0,0.2921739130434781,0.12087912087912094,0.5190839694656492,1.0,0.19148936170212763,0.33156498673740065,0.15000000000000008,0.0,0.037037037037037035,0.18897637795275596,0.19696969696969704,0.1595744680851064,0.12000000000000001,0.2205882352941177,0.2168141592920353,0.23103448275862065
310.0,0.29043478260869565,0.12087912087912094,0.5114503816793893,1.0,0.19148936170212763,0.32891246684350134,0.15000000000000008,0.0,0.037037037037037035,0.18897637795275596,0.19696969696969704,0.1595744680851064,0.12000000000000001,0.2205882352941177,0.2168141592920353,0.22758620689655168
313.0,0.2886956521739131,0.12087912087912094,0.5038167938931297,1.0,0.19148936170212763,0.3262599469496019,0.15000000000000008,0.0,0.037037037037037035,0.18897637795275596,0.19696969696969704,0.1595744680851064,0.12000000000000001,0.2205882352941177,0.2168141592920353,0.22758620689655168
317.0,0.2869565217391303,0.12087912087912094,0.4961832061068703,1.0,0.19148936170212763,0.32360742705570295,0.15000000000000008,0.0,0.037037037037037035,0.18897637795275596,0.19696969696969704,0.1595744680851064,0.12000000000000001,0.21568627450980396,0.2168141592920353,0.2241379310344827
321.0,0.28521739130434787,0.1153846153846154,0.4961832061068703,1.0,0.19148936170212763,0.32095490716180375,0.15000000000000008,0.0,0.037037037037037035,0.18897637795275596,0.19696969696969704,0.1595744680851064,0.12000000000000001,0.21568627450980396,0.21238938053097342,0.22068965517241373
324.0,0.2834782608695651,0.1153846153846154,0.4961832061068703,1.0,0.18085106382978727,0.32095490716180375,0.13333333333333333,0.0,0.037037037037037035,0.18110236220472442,0.18939393939393942,0.14893617021276595,0.12000000000000001,0.21078431372549025,0.2079646017699114,0.21724137931034482
325.0,0.28173913043478244,0.1153846153846154,0.48854961832061067,1.0,0.18085106382978727,0.32095490716180375,0.13333333333333333,0.0,0.037037037037037035,0.17322834645669297,0.18939393939393942,0.14893617021276595,0.09999999999999998,0.21078431372549025,0.2079646017699114,0.2137931034482759
328.0,0.27999999999999997,0.1153846153846154,0.48854961832061067,1.0,0.18085106382978727,0.31830238726790444,0.13333333333333333,0.0,0.037037037037037035,0.17322834645669297,0.18939393939393942,0.14893617021276595,0.09999999999999998,0.21078431372549025,0.2079646017699114,0.21034482758620696
332.0,0.27826086956521723,0.1153846153846154,0.4809160305343513,1.0,0.18085106382978727,0.31830238726790444,0.13333333333333333,0.0,0.037037037037037035,0.17322834645669297,0.18939393939393942,0.14893617021276595,0.09999999999999998,0.20588235294117654,0.2079646017699114,0.2068965517241379
339.0,0.2765217391304347,0.1153846153846154,0.47328244274809184,1.0,0.18085106382978727,0.31564986737400536,0.13333333333333333,0.0,0.037037037037037035,0.17322834645669297,0.18181818181818188,0.14893617021276595,0.09999999999999998,0.20098039215686284,0.2035398230088495,0.2068965517241379
343.0,0.27478260869565213,0.1098901098901099,0.47328244274809184,1.0,0.1702127659574468,0.31564986737400536,0.11666666666666671,0.0,0.0,0.16535433070866143,0.17424242424242428,0.13829787234042554,0.07999999999999999,0.19607843137254907,0.1991150442477875,0.20344827586206904
348.0,0.2730434782608694,0.1098901098901099,0.4656488549618323,1.0,0.1702127659574468,0.31564986737400536,0.11666666666666671,0.0,0.0,0.16535433070866143,0.17424242424242428,0.13829787234042554,0.07999999999999999,0.19117647058823534,0.1991150442477875,0.19999999999999998
349.0,0.2713043478260869,0.1098901098901099,0.45801526717557256,1.0,0.1595744680851064,0.31564986737400536,0.10000000000000006,0.0,0.0,0.15748031496062992,0.16666666666666674,0.12765957446808512,0.07999999999999999,0.1862745098039216,0.19469026548672558,0.19999999999999998
353.0,0.26956521739130435,0.1098901098901099,0.4503816793893133,1.0,0.1595744680851064,0.31299734748010616,0.10000000000000006,0.0,0.0,0.15748031496062992,0.15909090909090914,0.12765957446808512,0.07999999999999999,0.1813725490196079,0.19026548672566365,0.19999999999999998
354.0,0.26434782608695645,0.1043956043956044,0.4351145038167941,1.0,0.13829787234042554,0.3103448275862069,0.10000000000000006,0.0,0.0,0.1496062992125984,0.15909090909090914,0.12765957446808512,0.07999999999999999,0.17647058823529416,0.19026548672566365,0.19999999999999998
355.0,0.2626086956521738,0.1043956043956044,0.4351145038167941,0.95,0.13829787234042554,0.3103448275862069,0.10000000000000006,0.0,0.0,0.1496062992125984,0.15909090909090914,0.12765957446808512,0.07999999999999999,0.17156862745098042,0.19026548672566365,0.19999999999999998
360.0,0.2608695652173912,0.1043956043956044,0.4351145038167941,0.9,0.12765957446808512,0.3103448275862069,0.10000000000000006,0.0,0.0,0.14173228346456693,0.15909090909090914,0.12765957446808512,0.07999999999999999,0.16666666666666674,0.19026548672566365,0.19999999999999998
361.0,0.25913043478260867,0.1043956043956044,0.4351145038167941,0.8500000000000002,0.12765957446808512,0.3103448275862069,0.10000000000000006,0.0,0.0,0.13385826771653545,0.15909090909090914,0.12765957446808512,0.07999999999999999,0.16666666666666674,0.19026548672566365,0.19999999999999998
362.0,0.2573913043478259,0.1043956043956044,0.4274809160305347,0.8500000000000002,0.12765957446808512,0.3076923076923076,0.10000000000000006,0.0,0.0,0.13385826771653545,0.15909090909090914,0.12765957446808512,0.07999999999999999,0.16666666666666674,0.19026548672566365,0.19999999999999998
364.0,0.25565217391304335,0.1043956043956044,0.4274809160305347,0.8500000000000002,0.12765957446808512,0.3076923076923076,0.10000000000000006,0.0,0.0,0.12598425196850394,0.15909090909090914,0.1170212765957447,0.07999999999999999,0.16666666666666674,0.18584070796460173,0.19655172413793107
369.0,0.25391304347826077,0.1043956043956044,0.4274809160305347,0.8,0.12765957446808512,0.3050397877984085,0.10000000000000006,0.0,0.0,0.12598425196850394,0.15909090909090914,0.1170212765957447,0.07999999999999999,0.161764705882353,0.18584070796460173,0.19655172413793107
373.0,0.25217391304347814,0.1043956043956044,0.4274809160305347,0.8,0.12765957446808512,0.3023872679045093,0.10000000000000006,0.0,0.0,0.12598425196850394,0.15909090909090914,0.1170212765957447,0.07999999999999999,0.161764705882353,0.1814159292035398,0.19310344827586218
374.0,0.2504347826086956,0.1043956043956044,0.41984732824427506,0.8,0.12765957446808512,0.2997347480106101,0.10000000000000006,0.0,0.0,0.12598425196850394,0.15909090909090914,0.1170212765957447,0.07999999999999999,0.161764705882353,0.1814159292035398,0.19310344827586218
377.0,0.2486956521739129,0.09890109890109891,0.41984732824427506,0.8,0.12765957446808512,0.2997347480106101,0.10000000000000006,0.0,0.0,0.12598425196850394,0.15909090909090914,0.1170212765957447,0.07999999999999999,0.161764705882353,0.1814159292035398,0.19310344827586218
379.0,0.2469565217391304,0.09890109890109891,0.41221374045801545,0.8,0.12765957446808512,0.2970822281167107,0.10000000000000006,0.0,0.0,0.12598425196850394,0.15151515151515155,0.1170212765957447,0.07999999999999999,0.15686274509803927,0.17699115044247782,0.19310344827586218
380.0,0.2452173913043478,0.09890109890109891,0.4045801526717559,0.8,0.12765957446808512,0.29442970822281156,0.10000000000000006,0.0,0.0,0.12598425196850394,0.15151515151515155,0.1170212765957447,0.07999999999999999,0.15686274509803927,0.17699115044247782,0.18965517241379318
384.0,0.24347826086956506,0.09890109890109891,0.3969465648854964,0.8,0.12765957446808512,0.29177718832891253,0.10000000000000006,0.0,0.0,0.12598425196850394,0.15151515151515155,0.1170212765957447,0.07999999999999999,0.15686274509803927,0.17699115044247782,0.18965517241379318
386.0,0.24173913043478248,0.09890109890109891,0.3893129770992368,0.8,0.12765957446808512,0.28912466843501317,0.10000000000000006,0.0,0.0,0.12598425196850394,0.15151515151515155,0.1170212765957447,0.07999999999999999,0.15686274509803927,0.17256637168141584,0.18965517241379318
396.0,0.24000000000000005,0.09890109890109891,0.3893129770992368,0.7500000000000001,0.12765957446808512,0.2864721485411141,0.10000000000000006,0.0,0.0,0.12598425196850394,0.15151515151515155,0.1170212765957447,0.07999999999999999,0.15686274509803927,0.17256637168141584,0.18965517241379318
398.0,0.23826086956521736,0.09890109890109891,0.3893129770992368,0.7500000000000001,0.12765957446808512,0.2838196286472147,0.10000000000000006,0.0,0.0,0.12598425196850394,0.15151515151515155,0.1170212765957447,0.07999999999999999,0.15686274509803927,0.17256637168141584,0.18965517241379318
399.0,0.2365217391304348,0.09340659340659344,0.3893129770992368,0.7500000000000001,0.1170212765957447,0.2838196286472147,0.08333333333333337,0.0,0.0,0.11811023622047245,0.14393939393939395,0.10638297872340428,0.07999999999999999,0.15196078431372553,0.1681415929203539,0.18620689655172418
401.0,0.23478260869565215,0.09340659340659344,0.3893129770992368,0.7,0.10638297872340428,0.2838196286472147,0.08333333333333337,0.0,0.0,0.11023622047244093,0.14393939393939395,0.10638297872340428,0.06,0.14705882352941183,0.1681415929203539,0.18620689655172418
408.0,0.23304347826086946,0.09340659340659344,0.3893129770992368,0.6500000000000001,0.10638297872340428,0.2811671087533156,0.08333333333333337,0.0,0.0,0.11023622047244093,0.14393939393939395,0.10638297872340428,0.06,0.14705882352941183,0.1681415929203539,0.18620689655172418
431.0,0.2313043478260869,0.09340659340659344,0.3893129770992368,0.6000000000000001,0.10638297872340428,0.2785145888594163,0.08333333333333337,0.0,0.0,0.11023622047244093,0.14393939393939395,0.10638297872340428,0.06,0.14705882352941183,0.1681415929203539,0.18620689655172418
434.0,0.22956521739130423,0.09340659340659344,0.3893129770992368,0.5500000000000002,0.10638297872340428,0.2785145888594163,0.08333333333333337,0.0,0.0,0.10236220472440946,0.14393939393939395,0.10638297872340428,0.06,0.14705882352941183,0.1681415929203539,0.18620689655172418
436.0,0.2278260869565216,0.09340659340659344,0.3816793893129772,0.5500000000000002,0.10638297872340428,0.2758620689655172,0.08333333333333337,0.0,0.0,0.10236220472440946,0.14393939393939395,0.10638297872340428,0.06,0.14705882352941183,0.1681415929203539,0.1827586206896552
437.0,0.22608695652173902,0.09340659340659344,0.3740458015267176,0.5500000000000002,0.10638297872340428,0.27320954907161804,0.08333333333333337,0.0,0.0,0.10236220472440946,0.14393939393939395,0.10638297872340428,0.06,0.1421568627450981,0.1681415929203539,0.17931034482758626
441.0,0.22434782608695644,0.08791208791208792,0.3740458015267176,0.5500000000000002,0.10638297872340428,0.27320954907161804,0.08333333333333337,0.0,0.0,0.10236220472440946,0.14393939393939395,0.10638297872340428,0.06,0.1421568627450981,0.1681415929203539,0.17931034482758626
442.0,0.2226086956521738,0.08791208791208792,0.36641221374045824,0.5500000000000002,0.10638297872340428,0.2705570291777187,0.08333333333333337,0.0,0.0,0.10236220472440946,0.14393939393939395,0.10638297872340428,0.06,0.13725490196078435,0.1681415929203539,0.17586206896551726
449.0,0.22086956521739123,0.08791208791208792,0.35877862595419857,0.5500000000000002,0.09574468085106386,0.2705570291777187,0.08333333333333337,0.0,0.0,0.09448818897637797,0.14393939393939395,0.10638297872340428,0.03999999999999999,0.13235294117647065,0.1681415929203539,0.1724137931034483
458.0,0.21913043478260863,0.08791208791208792,0.35877862595419857,0.5000000000000002,0.09574468085106386,0.26790450928381965,0.08333333333333337,0.0,0.0,0.09448818897637797,0.14393939393939395,0.10638297872340428,0.03999999999999999,0.13235294117647065,0.1681415929203539,0.1724137931034483
459.0,0.21565217391304348,0.08791208791208792,0.35114503816793907,0.5000000000000002,0.09574468085106386,0.2652519893899205,0.08333333333333337,0.0,0.0,0.09448818897637797,0.13636363636363638,0.10638297872340428,0.03999999999999999,0.12254901960784316,0.16371681415929196,0.1655172413793104
461.0,0.21391304347826073,0.08791208791208792,0.34351145038167946,0.5000000000000002,0.09574468085106386,0.26259946949602114,0.08333333333333337,0.0,0.0,0.09448818897637797,0.13636363636363638,0.10638297872340428,0.03999999999999999,0.12254901960784316,0.15929203539823003,0.1655172413793104
471.0,0.21217391304347824,0.08791208791208792,0.34351145038167946,0.5000000000000002,0.09574468085106386,0.2599469496021221,0.08333333333333337,0.0,0.0,0.09448818897637797,0.13636363636363638,0.10638297872340428,0.03999999999999999,0.12254901960784316,0.15486725663716808,0.16206896551724137
477.0,0.21043478260869566,0.08791208791208792,0.3358778625954199,0.5000000000000002,0.09574468085106386,0.2599469496021221,0.08333333333333337,0.0,0.0,0.09448818897637797,0.13636363636363638,0.10638297872340428,0.03999999999999999,0.12254901960784316,0.15486725663716808,0.16206896551724137
490.0,0.20869565217391295,0.08791208791208792,0.3282442748091604,0.5000000000000002,0.09574468085106386,0.2572944297082228,0.08333333333333337,0.0,0.0,0.09448818897637797,0.13636363636363638,0.10638297872340428,0.03999999999999999,0.12254901960784316,0.15486725663716808,0.15862068965517245
491.0,0.20695652173913043,0.08791208791208792,0.3282442748091604,0.5000000000000002,0.09574468085106386,0.25464190981432355,0.08333333333333337,0.0,0.0,0.09448818897637797,0.12878787878787884,0.10638297872340428,0.03999999999999999,0.11764705882352947,0.15044247787610618,0.15517241379310345
494.0,0.20521739130434785,0.08791208791208792,0.3282442748091604,0.5000000000000002,0.09574468085106386,0.25198938992042436,0.08333333333333337,0.0,0.0,0.09448818897637797,0.12121212121212123,0.10638297872340428,0.03999999999999999,0.11764705882352947,0.15044247787610618,0.15517241379310345
499.0,0.2034782608695652,0.08791208791208792,0.3282442748091604,0.5000000000000002,0.08510638297872339,0.25198938992042436,0.0666666666666667,0.0,0.0,0.08661417322834647,0.11363636363636367,0.09574468085106386,0.03999999999999999,0.11274509803921572,0.1460176991150442,0.15172413793103448
501.0,0.2034782608695652,0.08791208791208792,0.3282442748091604,0.5000000000000002,0.08510638297872339,0.25198938992042436,0.0666666666666667,0.0,0.0,0.08661417322834647,0.11363636363636367,0.09574468085106386,0.03999999999999999,0.11274509803921572,0.1460176991150442,0.15172413793103448
502.0,0.20172413793103453,0.08791208791208792,0.3282442748091604,0.4500000000000001,0.08510638297872339,0.25198938992042436,0.0666666666666667,0.0,0.0,0.07874015748031499,0.11363636363636367,0.09574468085106386,0.019999999999999993,0.11274509803921572,0.1460176991150442,0.15172413793103448
503.0,0.20172413793103453,0.08791208791208792,0.3282442748091604,0.4500000000000001,0.08510638297872339,0.25198938992042436,0.0666666666666667,0.0,0.0,0.07874015748031499,0.11363636363636367,0.09574468085106386,0.019999999999999993,0.11274509803921572,0.1460176991150442,0.15172413793103448
510.0,0.20172413793103453,0.08791208791208792,0.3282442748091604,0.4500000000000001,0.08510638297872339,0.25198938992042436,0.0666666666666667,0.0,0.0,0.07874015748031499,0.11363636363636367,0.09574468085106386,0.019999999999999993,0.11274509803921572,0.1460176991150442,0.15172413793103448
516.0,0.19990680335507938,0.08791208791208792,0.3206106870229009,0.4500000000000001,0.08510638297872339,0.24918950781019739,0.0666666666666667,0.0,0.0,0.07874015748031499,0.11363636363636367,0.09574468085106386,0.019999999999999993,0.11274509803921572,0.1460176991150442,0.1480235492010092
519.0,0.19808946877912398,0.08791208791208792,0.31297709923664135,0.4500000000000001,0.08510638297872339,0.24638962569997058,0.0666666666666667,0.0,0.0,0.07874015748031499,0.11363636363636367,0.09574468085106386,0.019999999999999993,0.11274509803921572,0.1460176991150442,0.1480235492010092
523.0,0.19808946877912398,0.08791208791208792,0.31297709923664135,0.4500000000000001,0.08510638297872339,0.24638962569997058,0.0666666666666667,0.0,0.0,0.07874015748031499,0.11363636363636367,0.09574468085106386,0.019999999999999993,0.11274509803921572,0.1460176991150442,0.1480235492010092
533.0,0.19808946877912398,0.08791208791208792,0.31297709923664135,0.4500000000000001,0.08510638297872339,0.24638962569997058,0.0666666666666667,0.0,0.0,0.07874015748031499,0.11363636363636367,0.09574468085106386,0.019999999999999993,0.11274509803921572,0.1460176991150442,0.1480235492010092
537.0,0.19808946877912398,0.08791208791208792,0.31297709923664135,0.4500000000000001,0.08510638297872339,0.24638962569997058,0.0666666666666667,0.0,0.0,0.07874015748031499,0.11363636363636367,0.09574468085106386,0.019999999999999993,0.11274509803921572,0.1460176991150442,0.1480235492010092
538.0,0.19808946877912398,0.08791208791208792,0.31297709923664135,0.4500000000000001,0.08510638297872339,0.24638962569997058,0.0666666666666667,0.0,0.0,0.07874015748031499,0.11363636363636367,0.09574468085106386,0.019999999999999993,0.11274509803921572,0.1460176991150442,0.1480235492010092
539.0,0.19808946877912398,0.08791208791208792,0.31297709923664135,0.4500000000000001,0.08510638297872339,0.24638962569997058,0.0666666666666667,0.0,0.0,0.07874015748031499,0.11363636363636367,0.09574468085106386,0.019999999999999993,0.11274509803921572,0.1460176991150442,0.1480235492010092
540.0,0.19808946877912398,0.08791208791208792,0.31297709923664135,0.4500000000000001,0.08510638297872339,0.24638962569997058,0.0666666666666667,0.0,0.0,0.07874015748031499,0.11363636363636367,0.09574468085106386,0.019999999999999993,0.11274509803921572,0.1460176991150442,0.1480235492010092
541.0,0.19808946877912398,0.08791208791208792,0.31297709923664135,0.4500000000000001,0.08510638297872339,0.24638962569997058,0.0666666666666667,0.0,0.0,0.07874015748031499,0.11363636363636367,0.09574468085106386,0.019999999999999993,0.11274509803921572,0.1460176991150442,0.1480235492010092
542.0,0.19808946877912398,0.08791208791208792,0.31297709923664135,0.4500000000000001,0.08510638297872339,0.24638962569997058,0.0666666666666667,0.0,0.0,0.07874015748031499,0.11363636363636367,0.09574468085106386,0.019999999999999993,0.11274509803921572,0.1460176991150442,0.1480235492010092
543.0,0.19808946877912398,0.08791208791208792,0.31297709923664135,0.4500000000000001,0.08510638297872339,0.24638962569997058,0.0666666666666667,0.0,0.0,0.07874015748031499,0.11363636363636367,0.09574468085106386,0.019999999999999993,0.11274509803921572,0.1460176991150442,0.1480235492010092
544.0,0.19808946877912398,0.08791208791208792,0.31297709923664135,0.4500000000000001,0.08510638297872339,0.24638962569997058,0.0666666666666667,0.0,0.0,0.07874015748031499,0.11363636363636367,0.09574468085106386,0.019999999999999993,0.11274509803921572,0.1460176991150442,0.1480235492010092
545.0,0.19808946877912398,0.08791208791208792,0.31297709923664135,0.4500000000000001,0.08510638297872339,0.24638962569997058,0.0666666666666667,0.0,0.0,0.07874015748031499,0.11363636363636367,0.09574468085106386,0.019999999999999993,0.11274509803921572,0.1460176991150442,0.1480235492010092
546.0,0.19808946877912398,0.08791208791208792,0.31297709923664135,0.4500000000000001,0.08510638297872339,0.24638962569997058,0.0666666666666667,0.0,0.0,0.07874015748031499,0.11363636363636367,0.09574468085106386,0.019999999999999993,0.11274509803921572,0.1460176991150442,0.1480235492010092
547.0,0.19808946877912398,0.08791208791208792,0.31297709923664135,0.4500000000000001,0.08510638297872339,0.24638962569997058,0.0666666666666667,0.0,0.0,0.07874015748031499,0.11363636363636367,0.09574468085106386,0.019999999999999993,0.11274509803921572,0.1460176991150442,0.1480235492010092
548.0,0.19808946877912398,0.08791208791208792,0.31297709923664135,0.4500000000000001,0.08510638297872339,0.24638962569997058,0.0666666666666667,0.0,0.0,0.07874015748031499,0.11363636363636367,0.09574468085106386,0.019999999999999993,0.11274509803921572,0.1460176991150442,0.1480235492010092
549.0,0.19808946877912398,0.08791208791208792,0.31297709923664135,0.4500000000000001,0.08510638297872339,0.24638962569997058,0.0666666666666667,0.0,0.0,0.07874015748031499,0.11363636363636367,0.09574468085106386,0.019999999999999993,0.11274509803921572,0.1460176991150442,0.1480235492010092
551.0,0.19808946877912398,0.08791208791208792,0.31297709923664135,0.4500000000000001,0.08510638297872339,0.24638962569997058,0.0666666666666667,0.0,0.0,0.07874015748031499,0.11363636363636367,0.09574468085106386,0.019999999999999993,0.11274509803921572,0.1460176991150442,0.1480235492010092
552.0,0.19808946877912398,0.08791208791208792,0.31297709923664135,0.4500000000000001,0.08510638297872339,0.24638962569997058,0.0666666666666667,0.0,0.0,0.07874015748031499,0.11363636363636367,0.09574468085106386,0.019999999999999993,0.11274509803921572,0.1460176991150442,0.1480235492010092
553.0,0.19808946877912398,0.08791208791208792,0.31297709923664135,0.4500000000000001,0.08510638297872339,0.24638962569997058,0.0666666666666667,0.0,0.0,0.07874015748031499,0.11363636363636367,0.09574468085106386,0.019999999999999993,0.11274509803921572,0.1460176991150442,0.1480235492010092
554.0,0.19808946877912398,0.08791208791208792,0.31297709923664135,0.4500000000000001,0.08510638297872339,0.24638962569997058,0.0666666666666667,0.0,0.0,0.07874015748031499,0.11363636363636367,0.09574468085106386,0.019999999999999993,0.11274509803921572,0.1460176991150442,0.1480235492010092
555.0,0.19808946877912398,0.08791208791208792,0.31297709923664135,0.4500000000000001,0.08510638297872339,0.24638962569997058,0.0666666666666667,0.0,0.0,0.07874015748031499,0.11363636363636367,0.09574468085106386,0.019999999999999993,0.11274509803921572,0.1460176991150442,0.1480235492010092
556.0,0.19808946877912398,0.08791208791208792,0.31297709923664135,0.4500000000000001,0.08510638297872339,0.24638962569997058,0.0666666666666667,0.0,0.0,0.07874015748031499,0.11363636363636367,0.09574468085106386,0.019999999999999993,0.11274509803921572,0.1460176991150442,0.1480235492010092
557.0,0.19808946877912398,0.08791208791208792,0.31297709923664135,0.4500000000000001,0.08510638297872339,0.24638962569997058,0.0666666666666667,0.0,0.0,0.07874015748031499,0.11363636363636367,0.09574468085106386,0.019999999999999993,0.11274509803921572,0.1460176991150442,0.1480235492010092
559.0,0.1941276794035415,0.07692307692307696,0.31297709923664135,0.4500000000000001,0.08510638297872339,0.2405232060404475,0.0666666666666667,0.0,0.0,0.07874015748031499,0.11363636363636367,0.09574468085106386,0.019999999999999993,0.11274509803921572,0.1460176991150442,0.14158774271400884
560.0,0.1941276794035415,0.07692307692307696,0.31297709923664135,0.4500000000000001,0.08510638297872339,0.2405232060404475,0.0666666666666667,0.0,0.0,0.07874015748031499,0.11363636363636367,0.09574468085106386,0.019999999999999993,0.11274509803921572,0.1460176991150442,0.14158774271400884
562.0,0.1941276794035415,0.07692307692307696,0.31297709923664135,0.4500000000000001,0.08510638297872339,0.2405232060404475,0.0666666666666667,0.0,0.0,0.07874015748031499,0.11363636363636367,0.09574468085106386,0.019999999999999993,0.11274509803921572,0.1460176991150442,0.14158774271400884
564.0,0.1941276794035415,0.07692307692307696,0.31297709923664135,0.4500000000000001,0.08510638297872339,0.2405232060404475,0.0666666666666667,0.0,0.0,0.07874015748031499,0.11363636363636367,0.09574468085106386,0.019999999999999993,0.11274509803921572,0.1460176991150442,0.14158774271400884
565.0,0.1941276794035415,0.07692307692307696,0.31297709923664135,0.4500000000000001,0.08510638297872339,0.2405232060404475,0.0666666666666667,0.0,0.0,0.07874015748031499,0.11363636363636367,0.09574468085106386,0.019999999999999993,0.11274509803921572,0.1460176991150442,0.14158774271400884
567.0,0.1941276794035415,0.07692307692307696,0.31297709923664135,0.4500000000000001,0.08510638297872339,0.2405232060404475,0.0666666666666667,0.0,0.0,0.07874015748031499,0.11363636363636367,0.09574468085106386,0.019999999999999993,0.11274509803921572,0.1460176991150442,0.14158774271400884
568.0,0.18888098536560793,0.07692307692307696,0.31297709923664135,0.4500000000000001,0.08510638297872339,0.2405232060404475,0.0666666666666667,0.0,0.0,0.07874015748031499,0.08522727272727276,0.09574468085106386,0.019999999999999993,0.09663865546218493,0.1297935103244837,0.13325905196612595
569.0,0.18888098536560793,0.07692307692307696,0.31297709923664135,0.4500000000000001,0.08510638297872339,0.2405232060404475,0.0666666666666667,0.0,0.0,0.07874015748031499,0.08522727272727276,0.09574468085106386,0.019999999999999993,0.09663865546218493,0.1297935103244837,0.13325905196612595
575.0,0.18888098536560793,0.07692307692307696,0.31297709923664135,0.4500000000000001,0.08510638297872339,0.2405232060404475,0.0666666666666667,0.0,0.0,0.07874015748031499,0.08522727272727276,0.09574468085106386,0.019999999999999993,0.09663865546218493,0.1297935103244837,0.13325905196612595
576.0,0.18888098536560793,0.07692307692307696,0.31297709923664135,0.4500000000000001,0.08510638297872339,0.2405232060404475,0.0666666666666667,0.0,0.0,0.07874015748031499,0.08522727272727276,0.09574468085106386,0.019999999999999993,0.09663865546218493,0.1297935103244837,0.13325905196612595
578.0,0.18888098536560793,0.07692307692307696,0.31297709923664135,0.4500000000000001,0.08510638297872339,0.2405232060404475,0.0666666666666667,0.0,0.0,0.07874015748031499,0.08522727272727276,0.09574468085106386,0.019999999999999993,0.09663865546218493,0.1297935103244837,0.13325905196612595
582.0,0.18888098536560793,0.07692307692307696,0.31297709923664135,0.4500000000000001,0.08510638297872339,0.2405232060404475,0.0666666666666667,0.0,0.0,0.07874015748031499,0.08522727272727276,0.09574468085106386,0.019999999999999993,0.09663865546218493,0.1297935103244837,0.13325905196612595
586.0,0.18888098536560793,0.07692307692307696,0.31297709923664135,0.4500000000000001,0.08510638297872339,0.2405232060404475,0.0666666666666667,0.0,0.0,0.07874015748031499,0.08522727272727276,0.09574468085106386,0.019999999999999993,0.09663865546218493,0.1297935103244837,0.13325905196612595
587.0,0.18888098536560793,0.07692307692307696,0.31297709923664135,0.4500000000000001,0.08510638297872339,0.2405232060404475,0.0666666666666667,0.0,0.0,0.07874015748031499,0.08522727272727276,0.09574468085106386,0.019999999999999993,0.09663865546218493,0.1297935103244837,0.13325905196612595
589.0,0.18888098536560793,0.07692307692307696,0.31297709923664135,0.4500000000000001,0.08510638297872339,0.2405232060404475,0.0666666666666667,0.0,0.0,0.07874015748031499,0.08522727272727276,0.09574468085106386,0.019999999999999993,0.09663865546218493,0.1297935103244837,0.13325905196612595
593.0,0.18888098536560793,0.07692307692307696,0.31297709923664135,0.4500000000000001,0.08510638297872339,0.2405232060404475,0.0666666666666667,0.0,0.0,0.07874015748031499,0.08522727272727276,0.09574468085106386,0.019999999999999993,0.09663865546218493,0.1297935103244837,0.13325905196612595
597.0,0.18888098536560793,0.07692307692307696,0.31297709923664135,0.4500000000000001,0.08510638297872339,0.2405232060404475,0.0666666666666667,0.0,0.0,0.07874015748031499,0.08522727272727276,0.09574468085106386,0.019999999999999993,0.09663865546218493,0.1297935103244837,0.13325905196612595
598.0,0.18888098536560793,0.07692307692307696,0.31297709923664135,0.4500000000000001,0.08510638297872339,0.2405232060404475,0.0666666666666667,0.0,0.0,0.07874015748031499,0.08522727272727276,0.09574468085106386,0.019999999999999993,0.09663865546218493,0.1297935103244837,0.13325905196612595
603.0,0.18888098536560793,0.07692307692307696,0.31297709923664135,0.4500000000000001,0.08510638297872339,0.2405232060404475,0.0666666666666667,0.0,0.0,0.07874015748031499,0.08522727272727276,0.09574468085106386,0.019999999999999993,0.09663865546218493,0.1297935103244837,0.13325905196612595
619.0,0.18888098536560793,0.07692307692307696,0.31297709923664135,0.4500000000000001,0.08510638297872339,0.2405232060404475,0.0666666666666667,0.0,0.0,0.07874015748031499,0.08522727272727276,0.09574468085106386,0.019999999999999993,0.09663865546218493,0.1297935103244837,0.13325905196612595
621.0,0.18888098536560793,0.07692307692307696,0.31297709923664135,0.4500000000000001,0.08510638297872339,0.2405232060404475,0.0666666666666667,0.0,0.0,0.07874015748031499,0.08522727272727276,0.09574468085106386,0.019999999999999993,0.09663865546218493,0.1297935103244837,0.13325905196612595
624.0,0.18888098536560793,0.07692307692307696,0.31297709923664135,0.4500000000000001,0.08510638297872339,0.2405232060404475,0.0666666666666667,0.0,0.0,0.07874015748031499,0.08522727272727276,0.09574468085106386,0.019999999999999993,0.09663865546218493,0.1297935103244837,0.13325905196612595
625.0,0.18888098536560793,0.07692307692307696,0.31297709923664135,0.4500000000000001,0.08510638297872339,0.2405232060404475,0.0666666666666667,0.0,0.0,0.07874015748031499,0.08522727272727276,0.09574468085106386,0.019999999999999993,0.09663865546218493,0.1297935103244837,0.13325905196612595
630.0,0.18888098536560793,0.07692307692307696,0.31297709923664135,0.4500000000000001,0.08510638297872339,0.2405232060404475,0.0666666666666667,0.0,0.0,0.07874015748031499,0.08522727272727276,0.09574468085106386,0.019999999999999993,0.09663865546218493,0.1297935103244837,0.13325905196612595
633.0,0.18888098536560793,0.07692307692307696,0.31297709923664135,0.4500000000000001,0.08510638297872339,0.2405232060404475,0.0666666666666667,0.0,0.0,0.07874015748031499,0.08522727272727276,0.09574468085106386,0.019999999999999993,0.09663865546218493,0.1297935103244837,0.13325905196612595
634.0,0.18888098536560793,0.07692307692307696,0.31297709923664135,0.4500000000000001,0.08510638297872339,0.2405232060404475,0.0666666666666667,0.0,0.0,0.07874015748031499,0.08522727272727276,0.09574468085106386,0.019999999999999993,0.09663865546218493,0.1297935103244837,0.13325905196612595
654.0,0.18888098536560793,0.07692307692307696,0.31297709923664135,0.4500000000000001,0.08510638297872339,0.2405232060404475,0.0666666666666667,0.0,0.0,0.07874015748031499,0.08522727272727276,0.09574468085106386,0.019999999999999993,0.09663865546218493,0.1297935103244837,0.13325905196612595
655.0,0.18888098536560793,0.07692307692307696,0.31297709923664135,0.4500000000000001,0.08510638297872339,0.2405232060404475,0.0666666666666667,0.0,0.0,0.07874015748031499,0.08522727272727276,0.09574468085106386,0.019999999999999993,0.09663865546218493,0.1297935103244837,0.13325905196612595
658.0,0.18888098536560793,0.07692307692307696,0.31297709923664135,0.4500000000000001,0.08510638297872339,0.2405232060404475,0.0666666666666667,0.0,0.0,0.07874015748031499,0.08522727272727276,0.09574468085106386,0.019999999999999993,0.09663865546218493,0.1297935103244837,0.13325905196612595
659.0,0.16527086219490697,0.07692307692307696,0.31297709923664135,0.4500000000000001,0.08510638297872339,0.21045780528539157,0.0666666666666667,0.0,0.0,0.07874015748031499,0.08522727272727276,0.09574468085106386,0.019999999999999993,0.09663865546218493,0.1297935103244837,0.13325905196612595
708.0,0.16527086219490697,0.07692307692307696,0.31297709923664135,0.4500000000000001,0.08510638297872339,0.21045780528539157,0.0666666666666667,0.0,0.0,0.07874015748031499,0.08522727272727276,0.09574468085106386,0.019999999999999993,0.09663865546218493,0.1297935103244837,0.13325905196612595
734.0,0.16527086219490697,0.07692307692307696,0.31297709923664135,0.4500000000000001,0.08510638297872339,0.21045780528539157,0.0666666666666667,0.0,0.0,0.07874015748031499,0.08522727272727276,0.09574468085106386,0.019999999999999993,0.09663865546218493,0.1297935103244837,0.13325905196612595
762.0,0.16527086219490697,0.07692307692307696,0.31297709923664135,0.4500000000000001,0.08510638297872339,0.21045780528539157,0.0666666666666667,0.0,0.0,0.07874015748031499,0.08522727272727276,0.09574468085106386,0.019999999999999993,0.09663865546218493,0.1297935103244837,0.13325905196612595
763.0,0.16527086219490697,0.07692307692307696,0.31297709923664135,0.4500000000000001,0.08510638297872339,0.21045780528539157,0.0666666666666667,0.0,0.0,0.07874015748031499,0.08522727272727276,0.09574468085106386,0.019999999999999993,0.09663865546218493,0.1297935103244837,0.13325905196612595
805.0,0.16527086219490697,0.07692307692307696,0.31297709923664135,0.4500000000000001,0.08510638297872339,0.21045780528539157,0.0666666666666667,0.0,0.0,0.07874015748031499,0.08522727272727276,0.09574468085106386,0.019999999999999993,0.09663865546218493,0.1297935103244837,0.13325905196612595
1172.0,0.16527086219490697,0.07692307692307696,0.31297709923664135,0.4500000000000001,0.08510638297872339,0.21045780528539157,0.0666666666666667,0.0,0.0,0.07874015748031499,0.08522727272727276,0.09574468085106386,0.019999999999999993,0.09663865546218493,0.1297935103244837,0.13325905196612595
